/home/jcorvi/esmsagen_data/THIO_ECOLI_4_107_CONFORMERS/1XOB_M7/curated_sequences/PSICOV
 SPEARMAN RANK CORRELATION 0.0618349255585
TOP : 0.5% PAR POSITIONS : 26.0
NATURAL CONTACTS QUANTITY : 17 - %65.3846153846
EVOL CONTACTS QUANTITY : 14 - %53.8461538462
MATCH POSITIONS BETWEEN NAT AND EVOL (NO WINDOW) : 1
MATCH POSITIONS  : [[30.0, 33.0, 0.887762, 0.904]]
MATCH POSITIONS CONTACTS BETWEEN NAT AND EVOL (NO WINDOW) : 1
MATCH POSITIONS CONTACTS  : [[30.0, 33.0, 0.887762, 0.904]]
************************************************************************
TOP : 1% PAR POSITIONS : 52
NATURAL CONTACTS QUANTITY : 34 - %65
EVOL CONTACTS QUANTITY : 29 - %55
MATCH POSITIONS BETWEEN NAT AND EVOL (NO WINDOW) : 5
MATCH POSITIONS  : [[30.0, 33.0, 0.887762, 0.904], [93.0, 96.0, 0.673757, 0.338503], [28.0, 57.0, 0.569728, 0.798622], [9.0, 13.0, 0.517016, 0.34946], [32.0, 35.0, 0.482924, 0.709172]]
MATCH POSITIONS CONTACTS BETWEEN NAT AND EVOL (NO WINDOW) : 5
MATCH POSITIONS CONTACTS  : [[30.0, 33.0, 0.887762, 0.904], [93.0, 96.0, 0.673757, 0.338503], [28.0, 57.0, 0.569728, 0.798622], [9.0, 13.0, 0.517016, 0.34946], [32.0, 35.0, 0.482924, 0.709172]]
************************************************************************
TOP : 2% PAR POSITIONS : 105
NATURAL CONTACTS QUANTITY : 66 - %62
EVOL CONTACTS QUANTITY : 62 - %59
MATCH POSITIONS BETWEEN NAT AND EVOL (NO WINDOW) : 21
MATCH POSITIONS  : [[84.0, 87.0, 0.888334, 0.136587], [30.0, 33.0, 0.887762, 0.904], [77.0, 87.0, 0.835001, 0.078447], [21.0, 52.0, 0.821692, 0.117216], [77.0, 84.0, 0.67932, 0.070732], [93.0, 96.0, 0.673757, 0.338503], [6.0, 9.0, 0.62223, 0.117464], [28.0, 57.0, 0.569728, 0.798622], [57.0, 60.0, 0.519602, 0.077797], [9.0, 13.0, 0.517016, 0.34946], [5.0, 9.0, 0.502559, 0.071608], [7.0, 64.0, 0.484828, 0.07875], [32.0, 35.0, 0.482924, 0.709172], [94.0, 98.0, 0.392228, 0.888601], [6.0, 8.0, 0.382076, 0.851216], [57.0, 59.0, 0.381376, 0.50977], [5.0, 13.0, 0.352347, 0.087995], [28.0, 59.0, 0.344973, 0.902607], [29.0, 59.0, 0.302498, 0.290112], [96.0, 99.0, 0.257913, 0.183999], [12.0, 16.0, 0.252805, 0.535338]]
MATCH POSITIONS CONTACTS BETWEEN NAT AND EVOL (NO WINDOW) : 21
MATCH POSITIONS CONTACTS  : [[84.0, 87.0, 0.888334, 0.136587], [30.0, 33.0, 0.887762, 0.904], [77.0, 87.0, 0.835001, 0.078447], [21.0, 52.0, 0.821692, 0.117216], [77.0, 84.0, 0.67932, 0.070732], [93.0, 96.0, 0.673757, 0.338503], [6.0, 9.0, 0.62223, 0.117464], [28.0, 57.0, 0.569728, 0.798622], [57.0, 60.0, 0.519602, 0.077797], [9.0, 13.0, 0.517016, 0.34946], [5.0, 9.0, 0.502559, 0.071608], [7.0, 64.0, 0.484828, 0.07875], [32.0, 35.0, 0.482924, 0.709172], [94.0, 98.0, 0.392228, 0.888601], [6.0, 8.0, 0.382076, 0.851216], [57.0, 59.0, 0.381376, 0.50977], [5.0, 13.0, 0.352347, 0.087995], [28.0, 59.0, 0.344973, 0.902607], [29.0, 59.0, 0.302498, 0.290112], [96.0, 99.0, 0.257913, 0.183999], [12.0, 16.0, 0.252805, 0.535338]]
************************************************************************
TOP : 3% PAR POSITIONS : 158
NATURAL CONTACTS QUANTITY : 83 - %52
EVOL CONTACTS QUANTITY : 97 - %61
MATCH POSITIONS BETWEEN NAT AND EVOL (NO WINDOW) : 33
MATCH POSITIONS  : [[84.0, 87.0, 0.888334, 0.136587], [30.0, 33.0, 0.887762, 0.904], [58.0, 73.0, 0.869908, 0.068297], [77.0, 87.0, 0.835001, 0.078447], [21.0, 52.0, 0.821692, 0.117216], [36.0, 76.0, 0.792189, 0.059822], [77.0, 84.0, 0.67932, 0.070732], [93.0, 96.0, 0.673757, 0.338503], [6.0, 9.0, 0.62223, 0.117464], [28.0, 57.0, 0.569728, 0.798622], [57.0, 60.0, 0.519602, 0.077797], [9.0, 13.0, 0.517016, 0.34946], [5.0, 9.0, 0.502559, 0.071608], [7.0, 64.0, 0.484828, 0.07875], [32.0, 35.0, 0.482924, 0.709172], [20.0, 80.0, 0.426937, 0.064571], [94.0, 98.0, 0.392228, 0.888601], [6.0, 8.0, 0.382076, 0.851216], [57.0, 59.0, 0.381376, 0.50977], [5.0, 13.0, 0.352347, 0.087995], [28.0, 59.0, 0.344973, 0.902607], [36.0, 39.0, 0.344671, 0.062989], [29.0, 59.0, 0.302498, 0.290112], [56.0, 64.0, 0.294667, 0.070274], [43.0, 53.0, 0.289003, 0.061228], [96.0, 99.0, 0.257913, 0.183999], [12.0, 16.0, 0.252805, 0.535338], [47.0, 98.0, 0.240901, 0.795031], [36.0, 38.0, 0.235151, 0.09183], [7.0, 61.0, 0.227982, 0.436457], [73.0, 75.0, 0.227876, 0.090929], [92.0, 96.0, 0.19299, 0.063057], [10.0, 14.0, 0.18993, 0.06236]]
MATCH POSITIONS CONTACTS BETWEEN NAT AND EVOL (NO WINDOW) : 33
MATCH POSITIONS CONTACTS  : [[84.0, 87.0, 0.888334, 0.136587], [30.0, 33.0, 0.887762, 0.904], [58.0, 73.0, 0.869908, 0.068297], [77.0, 87.0, 0.835001, 0.078447], [21.0, 52.0, 0.821692, 0.117216], [36.0, 76.0, 0.792189, 0.059822], [77.0, 84.0, 0.67932, 0.070732], [93.0, 96.0, 0.673757, 0.338503], [6.0, 9.0, 0.62223, 0.117464], [28.0, 57.0, 0.569728, 0.798622], [57.0, 60.0, 0.519602, 0.077797], [9.0, 13.0, 0.517016, 0.34946], [5.0, 9.0, 0.502559, 0.071608], [7.0, 64.0, 0.484828, 0.07875], [32.0, 35.0, 0.482924, 0.709172], [20.0, 80.0, 0.426937, 0.064571], [94.0, 98.0, 0.392228, 0.888601], [6.0, 8.0, 0.382076, 0.851216], [57.0, 59.0, 0.381376, 0.50977], [5.0, 13.0, 0.352347, 0.087995], [28.0, 59.0, 0.344973, 0.902607], [36.0, 39.0, 0.344671, 0.062989], [29.0, 59.0, 0.302498, 0.290112], [56.0, 64.0, 0.294667, 0.070274], [43.0, 53.0, 0.289003, 0.061228], [96.0, 99.0, 0.257913, 0.183999], [12.0, 16.0, 0.252805, 0.535338], [47.0, 98.0, 0.240901, 0.795031], [36.0, 38.0, 0.235151, 0.09183], [7.0, 61.0, 0.227982, 0.436457], [73.0, 75.0, 0.227876, 0.090929], [92.0, 96.0, 0.19299, 0.063057], [10.0, 14.0, 0.18993, 0.06236]]
************************************************************************
TOP : 4% PAR POSITIONS : 211
NATURAL CONTACTS QUANTITY : 102 - %48
EVOL CONTACTS QUANTITY : 117 - %55
MATCH POSITIONS BETWEEN NAT AND EVOL (NO WINDOW) : 52
MATCH POSITIONS  : [[84.0, 87.0, 0.888334, 0.136587], [30.0, 33.0, 0.887762, 0.904], [58.0, 73.0, 0.869908, 0.068297], [24.0, 55.0, 0.844973, 0.058887], [77.0, 87.0, 0.835001, 0.078447], [21.0, 52.0, 0.821692, 0.117216], [36.0, 76.0, 0.792189, 0.059822], [77.0, 84.0, 0.67932, 0.070732], [93.0, 96.0, 0.673757, 0.338503], [6.0, 9.0, 0.62223, 0.117464], [28.0, 57.0, 0.569728, 0.798622], [57.0, 60.0, 0.519602, 0.077797], [9.0, 13.0, 0.517016, 0.34946], [5.0, 9.0, 0.502559, 0.071608], [7.0, 64.0, 0.484828, 0.07875], [32.0, 35.0, 0.482924, 0.709172], [49.0, 50.0, 0.454531, 0.059707], [79.0, 84.0, 0.436692, 0.057222], [20.0, 80.0, 0.426937, 0.064571], [94.0, 98.0, 0.392228, 0.888601], [6.0, 8.0, 0.382076, 0.851216], [57.0, 59.0, 0.381376, 0.50977], [56.0, 61.0, 0.36824, 0.058849], [5.0, 13.0, 0.352347, 0.087995], [28.0, 59.0, 0.344973, 0.902607], [36.0, 39.0, 0.344671, 0.062989], [22.0, 78.0, 0.335064, 0.057102], [61.0, 64.0, 0.325832, 0.059729], [29.0, 59.0, 0.302498, 0.290112], [56.0, 64.0, 0.294667, 0.070274], [43.0, 53.0, 0.289003, 0.061228], [75.0, 77.0, 0.276181, 0.059391], [96.0, 99.0, 0.257913, 0.183999], [12.0, 16.0, 0.252805, 0.535338], [47.0, 98.0, 0.240901, 0.795031], [36.0, 38.0, 0.235151, 0.09183], [7.0, 61.0, 0.227982, 0.436457], [73.0, 75.0, 0.227876, 0.090929], [14.0, 21.0, 0.22143, 0.057886], [92.0, 96.0, 0.19299, 0.063057], [10.0, 14.0, 0.18993, 0.06236], [80.0, 85.0, 0.174167, 0.087412], [43.0, 97.0, 0.171939, 0.063214], [6.0, 61.0, 0.169848, 0.117589], [36.0, 74.0, 0.165374, 0.090222], [25.0, 64.0, 0.162458, 0.081445], [78.0, 100.0, 0.160967, 0.061932], [18.0, 81.0, 0.158948, 0.899749], [100.0, 104.0, 0.157195, 0.057933], [14.0, 17.0, 0.155704, 0.057533], [7.0, 67.0, 0.148767, 0.886482], [26.0, 34.0, 0.148092, 0.060121]]
MATCH POSITIONS CONTACTS BETWEEN NAT AND EVOL (NO WINDOW) : 51
MATCH POSITIONS CONTACTS  : [[84.0, 87.0, 0.888334, 0.136587], [30.0, 33.0, 0.887762, 0.904], [58.0, 73.0, 0.869908, 0.068297], [24.0, 55.0, 0.844973, 0.058887], [77.0, 87.0, 0.835001, 0.078447], [21.0, 52.0, 0.821692, 0.117216], [36.0, 76.0, 0.792189, 0.059822], [77.0, 84.0, 0.67932, 0.070732], [93.0, 96.0, 0.673757, 0.338503], [6.0, 9.0, 0.62223, 0.117464], [28.0, 57.0, 0.569728, 0.798622], [57.0, 60.0, 0.519602, 0.077797], [9.0, 13.0, 0.517016, 0.34946], [5.0, 9.0, 0.502559, 0.071608], [7.0, 64.0, 0.484828, 0.07875], [32.0, 35.0, 0.482924, 0.709172], [79.0, 84.0, 0.436692, 0.057222], [20.0, 80.0, 0.426937, 0.064571], [94.0, 98.0, 0.392228, 0.888601], [6.0, 8.0, 0.382076, 0.851216], [57.0, 59.0, 0.381376, 0.50977], [56.0, 61.0, 0.36824, 0.058849], [5.0, 13.0, 0.352347, 0.087995], [28.0, 59.0, 0.344973, 0.902607], [36.0, 39.0, 0.344671, 0.062989], [22.0, 78.0, 0.335064, 0.057102], [61.0, 64.0, 0.325832, 0.059729], [29.0, 59.0, 0.302498, 0.290112], [56.0, 64.0, 0.294667, 0.070274], [43.0, 53.0, 0.289003, 0.061228], [75.0, 77.0, 0.276181, 0.059391], [96.0, 99.0, 0.257913, 0.183999], [12.0, 16.0, 0.252805, 0.535338], [47.0, 98.0, 0.240901, 0.795031], [36.0, 38.0, 0.235151, 0.09183], [7.0, 61.0, 0.227982, 0.436457], [73.0, 75.0, 0.227876, 0.090929], [14.0, 21.0, 0.22143, 0.057886], [92.0, 96.0, 0.19299, 0.063057], [10.0, 14.0, 0.18993, 0.06236], [80.0, 85.0, 0.174167, 0.087412], [43.0, 97.0, 0.171939, 0.063214], [6.0, 61.0, 0.169848, 0.117589], [36.0, 74.0, 0.165374, 0.090222], [25.0, 64.0, 0.162458, 0.081445], [78.0, 100.0, 0.160967, 0.061932], [18.0, 81.0, 0.158948, 0.899749], [100.0, 104.0, 0.157195, 0.057933], [14.0, 17.0, 0.155704, 0.057533], [7.0, 67.0, 0.148767, 0.886482], [26.0, 34.0, 0.148092, 0.060121]]
************************************************************************
TOP : 5% PAR POSITIONS : 264
NATURAL CONTACTS QUANTITY : 112 - %42
EVOL CONTACTS QUANTITY : 127 - %48
MATCH POSITIONS BETWEEN NAT AND EVOL (NO WINDOW) : 62
MATCH POSITIONS  : [[84.0, 87.0, 0.888334, 0.136587], [30.0, 33.0, 0.887762, 0.904], [58.0, 73.0, 0.869908, 0.068297], [24.0, 55.0, 0.844973, 0.058887], [77.0, 87.0, 0.835001, 0.078447], [21.0, 52.0, 0.821692, 0.117216], [36.0, 76.0, 0.792189, 0.059822], [77.0, 84.0, 0.67932, 0.070732], [93.0, 96.0, 0.673757, 0.338503], [6.0, 9.0, 0.62223, 0.117464], [28.0, 57.0, 0.569728, 0.798622], [57.0, 60.0, 0.519602, 0.077797], [9.0, 13.0, 0.517016, 0.34946], [5.0, 9.0, 0.502559, 0.071608], [40.0, 53.0, 0.49725, 0.055222], [7.0, 64.0, 0.484828, 0.07875], [32.0, 35.0, 0.482924, 0.709172], [49.0, 50.0, 0.454531, 0.059707], [22.0, 40.0, 0.454452, 0.054445], [79.0, 84.0, 0.436692, 0.057222], [20.0, 80.0, 0.426937, 0.064571], [94.0, 98.0, 0.392228, 0.888601], [6.0, 8.0, 0.382076, 0.851216], [57.0, 59.0, 0.381376, 0.50977], [56.0, 61.0, 0.36824, 0.058849], [5.0, 13.0, 0.352347, 0.087995], [28.0, 59.0, 0.344973, 0.902607], [36.0, 39.0, 0.344671, 0.062989], [22.0, 78.0, 0.335064, 0.057102], [61.0, 64.0, 0.325832, 0.059729], [29.0, 59.0, 0.302498, 0.290112], [56.0, 64.0, 0.294667, 0.070274], [43.0, 53.0, 0.289003, 0.061228], [75.0, 77.0, 0.276181, 0.059391], [22.0, 76.0, 0.266997, 0.054456], [96.0, 99.0, 0.257913, 0.183999], [12.0, 16.0, 0.252805, 0.535338], [47.0, 98.0, 0.240901, 0.795031], [36.0, 38.0, 0.235151, 0.09183], [7.0, 61.0, 0.227982, 0.436457], [73.0, 75.0, 0.227876, 0.090929], [51.0, 53.0, 0.227821, 0.055583], [14.0, 21.0, 0.22143, 0.057886], [72.0, 90.0, 0.216882, 0.05511], [92.0, 96.0, 0.19299, 0.063057], [10.0, 14.0, 0.18993, 0.06236], [80.0, 85.0, 0.174167, 0.087412], [43.0, 97.0, 0.171939, 0.063214], [6.0, 61.0, 0.169848, 0.117589], [36.0, 74.0, 0.165374, 0.090222], [25.0, 64.0, 0.162458, 0.081445], [78.0, 100.0, 0.160967, 0.061932], [18.0, 81.0, 0.158948, 0.899749], [100.0, 104.0, 0.157195, 0.057933], [14.0, 17.0, 0.155704, 0.057533], [7.0, 67.0, 0.148767, 0.886482], [26.0, 34.0, 0.148092, 0.060121], [58.0, 61.0, 0.144393, 0.054962], [19.0, 49.0, 0.132082, 0.056537], [10.0, 15.0, 0.129184, 0.065953], [12.0, 13.0, 0.128469, 0.057363], [42.0, 46.0, 0.12758, 0.118354]]
MATCH POSITIONS CONTACTS BETWEEN NAT AND EVOL (NO WINDOW) : 58
MATCH POSITIONS CONTACTS  : [[84.0, 87.0, 0.888334, 0.136587], [30.0, 33.0, 0.887762, 0.904], [58.0, 73.0, 0.869908, 0.068297], [24.0, 55.0, 0.844973, 0.058887], [77.0, 87.0, 0.835001, 0.078447], [21.0, 52.0, 0.821692, 0.117216], [36.0, 76.0, 0.792189, 0.059822], [77.0, 84.0, 0.67932, 0.070732], [93.0, 96.0, 0.673757, 0.338503], [6.0, 9.0, 0.62223, 0.117464], [28.0, 57.0, 0.569728, 0.798622], [57.0, 60.0, 0.519602, 0.077797], [9.0, 13.0, 0.517016, 0.34946], [5.0, 9.0, 0.502559, 0.071608], [40.0, 53.0, 0.49725, 0.055222], [7.0, 64.0, 0.484828, 0.07875], [32.0, 35.0, 0.482924, 0.709172], [22.0, 40.0, 0.454452, 0.054445], [79.0, 84.0, 0.436692, 0.057222], [20.0, 80.0, 0.426937, 0.064571], [94.0, 98.0, 0.392228, 0.888601], [6.0, 8.0, 0.382076, 0.851216], [57.0, 59.0, 0.381376, 0.50977], [56.0, 61.0, 0.36824, 0.058849], [5.0, 13.0, 0.352347, 0.087995], [28.0, 59.0, 0.344973, 0.902607], [36.0, 39.0, 0.344671, 0.062989], [22.0, 78.0, 0.335064, 0.057102], [61.0, 64.0, 0.325832, 0.059729], [29.0, 59.0, 0.302498, 0.290112], [56.0, 64.0, 0.294667, 0.070274], [43.0, 53.0, 0.289003, 0.061228], [75.0, 77.0, 0.276181, 0.059391], [22.0, 76.0, 0.266997, 0.054456], [96.0, 99.0, 0.257913, 0.183999], [12.0, 16.0, 0.252805, 0.535338], [47.0, 98.0, 0.240901, 0.795031], [36.0, 38.0, 0.235151, 0.09183], [7.0, 61.0, 0.227982, 0.436457], [73.0, 75.0, 0.227876, 0.090929], [51.0, 53.0, 0.227821, 0.055583], [14.0, 21.0, 0.22143, 0.057886], [92.0, 96.0, 0.19299, 0.063057], [10.0, 14.0, 0.18993, 0.06236], [80.0, 85.0, 0.174167, 0.087412], [43.0, 97.0, 0.171939, 0.063214], [6.0, 61.0, 0.169848, 0.117589], [36.0, 74.0, 0.165374, 0.090222], [25.0, 64.0, 0.162458, 0.081445], [78.0, 100.0, 0.160967, 0.061932], [18.0, 81.0, 0.158948, 0.899749], [100.0, 104.0, 0.157195, 0.057933], [14.0, 17.0, 0.155704, 0.057533], [7.0, 67.0, 0.148767, 0.886482], [26.0, 34.0, 0.148092, 0.060121], [58.0, 61.0, 0.144393, 0.054962], [10.0, 15.0, 0.129184, 0.065953], [42.0, 46.0, 0.12758, 0.118354]]
************************************************************************
