/home/jcorvi/esmsagen_data/THIO_ECOLI_4_107_CONFORMERS/1XOB_M16/curated_sequences/PSICOV
 SPEARMAN RANK CORRELATION 0.0654638758989
TOP : 0.5% PAR POSITIONS : 26.0
NATURAL CONTACTS QUANTITY : 17 - %65.3846153846
EVOL CONTACTS QUANTITY : 26 - %100.0
MATCH POSITIONS BETWEEN NAT AND EVOL (NO WINDOW) : 1
MATCH POSITIONS  : [[30.0, 33.0, 0.887762, 0.902926]]
MATCH POSITIONS CONTACTS BETWEEN NAT AND EVOL (NO WINDOW) : 1
MATCH POSITIONS CONTACTS  : [[30.0, 33.0, 0.887762, 0.902926]]
************************************************************************
TOP : 1% PAR POSITIONS : 52
NATURAL CONTACTS QUANTITY : 33 - %63
EVOL CONTACTS QUANTITY : 42 - %80
MATCH POSITIONS BETWEEN NAT AND EVOL (NO WINDOW) : 6
MATCH POSITIONS  : [[84.0, 87.0, 0.888334, 0.315031], [30.0, 33.0, 0.887762, 0.902926], [21.0, 52.0, 0.821692, 0.254695], [57.0, 60.0, 0.519602, 0.152452], [9.0, 13.0, 0.517016, 0.788314], [32.0, 35.0, 0.482924, 0.888555]]
MATCH POSITIONS CONTACTS BETWEEN NAT AND EVOL (NO WINDOW) : 6
MATCH POSITIONS CONTACTS  : [[84.0, 87.0, 0.888334, 0.315031], [30.0, 33.0, 0.887762, 0.902926], [21.0, 52.0, 0.821692, 0.254695], [57.0, 60.0, 0.519602, 0.152452], [9.0, 13.0, 0.517016, 0.788314], [32.0, 35.0, 0.482924, 0.888555]]
************************************************************************
TOP : 2% PAR POSITIONS : 105
NATURAL CONTACTS QUANTITY : 66 - %62
EVOL CONTACTS QUANTITY : 84 - %80
MATCH POSITIONS BETWEEN NAT AND EVOL (NO WINDOW) : 26
MATCH POSITIONS  : [[84.0, 87.0, 0.888334, 0.315031], [30.0, 33.0, 0.887762, 0.902926], [58.0, 73.0, 0.869908, 0.08131], [77.0, 87.0, 0.835001, 0.130978], [21.0, 52.0, 0.821692, 0.254695], [77.0, 84.0, 0.67932, 0.077612], [93.0, 96.0, 0.673757, 0.130179], [26.0, 57.0, 0.63135, 0.093794], [6.0, 9.0, 0.62223, 0.095898], [57.0, 60.0, 0.519602, 0.152452], [9.0, 13.0, 0.517016, 0.788314], [5.0, 9.0, 0.502559, 0.104957], [7.0, 64.0, 0.484828, 0.085777], [32.0, 35.0, 0.482924, 0.888555], [94.0, 98.0, 0.392228, 0.167108], [6.0, 8.0, 0.382076, 0.556143], [57.0, 59.0, 0.381376, 0.786977], [56.0, 61.0, 0.36824, 0.073127], [5.0, 13.0, 0.352347, 0.11907], [28.0, 59.0, 0.344973, 0.904], [29.0, 59.0, 0.302498, 0.410813], [56.0, 64.0, 0.294667, 0.10528], [75.0, 77.0, 0.276181, 0.099361], [31.0, 34.0, 0.270922, 0.842901], [96.0, 99.0, 0.257913, 0.523635], [12.0, 16.0, 0.252805, 0.786898]]
MATCH POSITIONS CONTACTS BETWEEN NAT AND EVOL (NO WINDOW) : 26
MATCH POSITIONS CONTACTS  : [[84.0, 87.0, 0.888334, 0.315031], [30.0, 33.0, 0.887762, 0.902926], [58.0, 73.0, 0.869908, 0.08131], [77.0, 87.0, 0.835001, 0.130978], [21.0, 52.0, 0.821692, 0.254695], [77.0, 84.0, 0.67932, 0.077612], [93.0, 96.0, 0.673757, 0.130179], [26.0, 57.0, 0.63135, 0.093794], [6.0, 9.0, 0.62223, 0.095898], [57.0, 60.0, 0.519602, 0.152452], [9.0, 13.0, 0.517016, 0.788314], [5.0, 9.0, 0.502559, 0.104957], [7.0, 64.0, 0.484828, 0.085777], [32.0, 35.0, 0.482924, 0.888555], [94.0, 98.0, 0.392228, 0.167108], [6.0, 8.0, 0.382076, 0.556143], [57.0, 59.0, 0.381376, 0.786977], [56.0, 61.0, 0.36824, 0.073127], [5.0, 13.0, 0.352347, 0.11907], [28.0, 59.0, 0.344973, 0.904], [29.0, 59.0, 0.302498, 0.410813], [56.0, 64.0, 0.294667, 0.10528], [75.0, 77.0, 0.276181, 0.099361], [31.0, 34.0, 0.270922, 0.842901], [96.0, 99.0, 0.257913, 0.523635], [12.0, 16.0, 0.252805, 0.786898]]
************************************************************************
TOP : 3% PAR POSITIONS : 158
NATURAL CONTACTS QUANTITY : 85 - %53
EVOL CONTACTS QUANTITY : 127 - %80
MATCH POSITIONS BETWEEN NAT AND EVOL (NO WINDOW) : 47
MATCH POSITIONS  : [[84.0, 87.0, 0.888334, 0.315031], [30.0, 33.0, 0.887762, 0.902926], [58.0, 73.0, 0.869908, 0.08131], [24.0, 55.0, 0.844973, 0.065973], [77.0, 87.0, 0.835001, 0.130978], [21.0, 52.0, 0.821692, 0.254695], [36.0, 76.0, 0.792189, 0.068509], [77.0, 84.0, 0.67932, 0.077612], [93.0, 96.0, 0.673757, 0.130179], [26.0, 57.0, 0.63135, 0.093794], [6.0, 9.0, 0.62223, 0.095898], [57.0, 60.0, 0.519602, 0.152452], [9.0, 13.0, 0.517016, 0.788314], [5.0, 9.0, 0.502559, 0.104957], [40.0, 53.0, 0.49725, 0.060787], [7.0, 64.0, 0.484828, 0.085777], [32.0, 35.0, 0.482924, 0.888555], [77.0, 79.0, 0.446703, 0.065387], [22.0, 53.0, 0.430055, 0.066643], [94.0, 98.0, 0.392228, 0.167108], [6.0, 8.0, 0.382076, 0.556143], [57.0, 59.0, 0.381376, 0.786977], [56.0, 61.0, 0.36824, 0.073127], [5.0, 13.0, 0.352347, 0.11907], [28.0, 59.0, 0.344973, 0.904], [36.0, 39.0, 0.344671, 0.065002], [22.0, 78.0, 0.335064, 0.072861], [76.0, 88.0, 0.307718, 0.063381], [29.0, 59.0, 0.302498, 0.410813], [56.0, 64.0, 0.294667, 0.10528], [43.0, 53.0, 0.289003, 0.064517], [75.0, 77.0, 0.276181, 0.099361], [31.0, 34.0, 0.270922, 0.842901], [96.0, 99.0, 0.257913, 0.523635], [36.0, 40.0, 0.25618, 0.060342], [12.0, 16.0, 0.252805, 0.786898], [93.0, 95.0, 0.247352, 0.245187], [47.0, 98.0, 0.240901, 0.076823], [32.0, 91.0, 0.235493, 0.204322], [36.0, 38.0, 0.235151, 0.078893], [24.0, 40.0, 0.231648, 0.069447], [7.0, 61.0, 0.227982, 0.566836], [73.0, 75.0, 0.227876, 0.132934], [51.0, 53.0, 0.227821, 0.061067], [14.0, 21.0, 0.22143, 0.068986], [10.0, 14.0, 0.18993, 0.070298], [19.0, 81.0, 0.189283, 0.808511]]
MATCH POSITIONS CONTACTS BETWEEN NAT AND EVOL (NO WINDOW) : 47
MATCH POSITIONS CONTACTS  : [[84.0, 87.0, 0.888334, 0.315031], [30.0, 33.0, 0.887762, 0.902926], [58.0, 73.0, 0.869908, 0.08131], [24.0, 55.0, 0.844973, 0.065973], [77.0, 87.0, 0.835001, 0.130978], [21.0, 52.0, 0.821692, 0.254695], [36.0, 76.0, 0.792189, 0.068509], [77.0, 84.0, 0.67932, 0.077612], [93.0, 96.0, 0.673757, 0.130179], [26.0, 57.0, 0.63135, 0.093794], [6.0, 9.0, 0.62223, 0.095898], [57.0, 60.0, 0.519602, 0.152452], [9.0, 13.0, 0.517016, 0.788314], [5.0, 9.0, 0.502559, 0.104957], [40.0, 53.0, 0.49725, 0.060787], [7.0, 64.0, 0.484828, 0.085777], [32.0, 35.0, 0.482924, 0.888555], [77.0, 79.0, 0.446703, 0.065387], [22.0, 53.0, 0.430055, 0.066643], [94.0, 98.0, 0.392228, 0.167108], [6.0, 8.0, 0.382076, 0.556143], [57.0, 59.0, 0.381376, 0.786977], [56.0, 61.0, 0.36824, 0.073127], [5.0, 13.0, 0.352347, 0.11907], [28.0, 59.0, 0.344973, 0.904], [36.0, 39.0, 0.344671, 0.065002], [22.0, 78.0, 0.335064, 0.072861], [76.0, 88.0, 0.307718, 0.063381], [29.0, 59.0, 0.302498, 0.410813], [56.0, 64.0, 0.294667, 0.10528], [43.0, 53.0, 0.289003, 0.064517], [75.0, 77.0, 0.276181, 0.099361], [31.0, 34.0, 0.270922, 0.842901], [96.0, 99.0, 0.257913, 0.523635], [36.0, 40.0, 0.25618, 0.060342], [12.0, 16.0, 0.252805, 0.786898], [93.0, 95.0, 0.247352, 0.245187], [47.0, 98.0, 0.240901, 0.076823], [32.0, 91.0, 0.235493, 0.204322], [36.0, 38.0, 0.235151, 0.078893], [24.0, 40.0, 0.231648, 0.069447], [7.0, 61.0, 0.227982, 0.566836], [73.0, 75.0, 0.227876, 0.132934], [51.0, 53.0, 0.227821, 0.061067], [14.0, 21.0, 0.22143, 0.068986], [10.0, 14.0, 0.18993, 0.070298], [19.0, 81.0, 0.189283, 0.808511]]
************************************************************************
TOP : 4% PAR POSITIONS : 211
NATURAL CONTACTS QUANTITY : 104 - %49
EVOL CONTACTS QUANTITY : 143 - %67
MATCH POSITIONS BETWEEN NAT AND EVOL (NO WINDOW) : 67
MATCH POSITIONS  : [[84.0, 87.0, 0.888334, 0.315031], [30.0, 33.0, 0.887762, 0.902926], [58.0, 73.0, 0.869908, 0.08131], [24.0, 55.0, 0.844973, 0.065973], [77.0, 87.0, 0.835001, 0.130978], [21.0, 52.0, 0.821692, 0.254695], [36.0, 76.0, 0.792189, 0.068509], [77.0, 84.0, 0.67932, 0.077612], [93.0, 96.0, 0.673757, 0.130179], [26.0, 57.0, 0.63135, 0.093794], [6.0, 9.0, 0.62223, 0.095898], [57.0, 60.0, 0.519602, 0.152452], [9.0, 13.0, 0.517016, 0.788314], [5.0, 9.0, 0.502559, 0.104957], [40.0, 53.0, 0.49725, 0.060787], [82.0, 83.0, 0.487771, 0.05778], [7.0, 64.0, 0.484828, 0.085777], [32.0, 35.0, 0.482924, 0.888555], [77.0, 79.0, 0.446703, 0.065387], [79.0, 84.0, 0.436692, 0.057654], [22.0, 53.0, 0.430055, 0.066643], [20.0, 80.0, 0.426937, 0.058853], [94.0, 98.0, 0.392228, 0.167108], [6.0, 8.0, 0.382076, 0.556143], [57.0, 59.0, 0.381376, 0.786977], [56.0, 61.0, 0.36824, 0.073127], [5.0, 13.0, 0.352347, 0.11907], [28.0, 59.0, 0.344973, 0.904], [36.0, 39.0, 0.344671, 0.065002], [22.0, 78.0, 0.335064, 0.072861], [61.0, 64.0, 0.325832, 0.060096], [76.0, 88.0, 0.307718, 0.063381], [29.0, 59.0, 0.302498, 0.410813], [56.0, 64.0, 0.294667, 0.10528], [43.0, 53.0, 0.289003, 0.064517], [75.0, 77.0, 0.276181, 0.099361], [31.0, 34.0, 0.270922, 0.842901], [96.0, 99.0, 0.257913, 0.523635], [36.0, 40.0, 0.25618, 0.060342], [12.0, 16.0, 0.252805, 0.786898], [93.0, 95.0, 0.247352, 0.245187], [47.0, 98.0, 0.240901, 0.076823], [32.0, 91.0, 0.235493, 0.204322], [36.0, 38.0, 0.235151, 0.078893], [24.0, 40.0, 0.231648, 0.069447], [7.0, 61.0, 0.227982, 0.566836], [73.0, 75.0, 0.227876, 0.132934], [51.0, 53.0, 0.227821, 0.061067], [14.0, 21.0, 0.22143, 0.068986], [5.0, 54.0, 0.215239, 0.05768], [29.0, 73.0, 0.205456, 0.059718], [92.0, 96.0, 0.19299, 0.059752], [36.0, 97.0, 0.190115, 0.057339], [10.0, 14.0, 0.18993, 0.070298], [19.0, 81.0, 0.189283, 0.808511], [36.0, 92.0, 0.177364, 0.098504], [37.0, 38.0, 0.175763, 0.05797], [80.0, 85.0, 0.174167, 0.772635], [43.0, 97.0, 0.171939, 0.082102], [6.0, 61.0, 0.169848, 0.058528], [39.0, 43.0, 0.167587, 0.063055], [36.0, 74.0, 0.165374, 0.067953], [88.0, 96.0, 0.164334, 0.271162], [25.0, 64.0, 0.162458, 0.097192], [78.0, 100.0, 0.160967, 0.074671], [18.0, 81.0, 0.158948, 0.84461], [100.0, 104.0, 0.157195, 0.068569]]
MATCH POSITIONS CONTACTS BETWEEN NAT AND EVOL (NO WINDOW) : 64
MATCH POSITIONS CONTACTS  : [[84.0, 87.0, 0.888334, 0.315031], [30.0, 33.0, 0.887762, 0.902926], [58.0, 73.0, 0.869908, 0.08131], [24.0, 55.0, 0.844973, 0.065973], [77.0, 87.0, 0.835001, 0.130978], [21.0, 52.0, 0.821692, 0.254695], [36.0, 76.0, 0.792189, 0.068509], [77.0, 84.0, 0.67932, 0.077612], [93.0, 96.0, 0.673757, 0.130179], [26.0, 57.0, 0.63135, 0.093794], [6.0, 9.0, 0.62223, 0.095898], [57.0, 60.0, 0.519602, 0.152452], [9.0, 13.0, 0.517016, 0.788314], [5.0, 9.0, 0.502559, 0.104957], [40.0, 53.0, 0.49725, 0.060787], [7.0, 64.0, 0.484828, 0.085777], [32.0, 35.0, 0.482924, 0.888555], [77.0, 79.0, 0.446703, 0.065387], [79.0, 84.0, 0.436692, 0.057654], [22.0, 53.0, 0.430055, 0.066643], [20.0, 80.0, 0.426937, 0.058853], [94.0, 98.0, 0.392228, 0.167108], [6.0, 8.0, 0.382076, 0.556143], [57.0, 59.0, 0.381376, 0.786977], [56.0, 61.0, 0.36824, 0.073127], [5.0, 13.0, 0.352347, 0.11907], [28.0, 59.0, 0.344973, 0.904], [36.0, 39.0, 0.344671, 0.065002], [22.0, 78.0, 0.335064, 0.072861], [61.0, 64.0, 0.325832, 0.060096], [76.0, 88.0, 0.307718, 0.063381], [29.0, 59.0, 0.302498, 0.410813], [56.0, 64.0, 0.294667, 0.10528], [43.0, 53.0, 0.289003, 0.064517], [75.0, 77.0, 0.276181, 0.099361], [31.0, 34.0, 0.270922, 0.842901], [96.0, 99.0, 0.257913, 0.523635], [36.0, 40.0, 0.25618, 0.060342], [12.0, 16.0, 0.252805, 0.786898], [93.0, 95.0, 0.247352, 0.245187], [47.0, 98.0, 0.240901, 0.076823], [32.0, 91.0, 0.235493, 0.204322], [36.0, 38.0, 0.235151, 0.078893], [24.0, 40.0, 0.231648, 0.069447], [7.0, 61.0, 0.227982, 0.566836], [73.0, 75.0, 0.227876, 0.132934], [51.0, 53.0, 0.227821, 0.061067], [14.0, 21.0, 0.22143, 0.068986], [5.0, 54.0, 0.215239, 0.05768], [29.0, 73.0, 0.205456, 0.059718], [92.0, 96.0, 0.19299, 0.059752], [10.0, 14.0, 0.18993, 0.070298], [19.0, 81.0, 0.189283, 0.808511], [36.0, 92.0, 0.177364, 0.098504], [80.0, 85.0, 0.174167, 0.772635], [43.0, 97.0, 0.171939, 0.082102], [6.0, 61.0, 0.169848, 0.058528], [39.0, 43.0, 0.167587, 0.063055], [36.0, 74.0, 0.165374, 0.067953], [88.0, 96.0, 0.164334, 0.271162], [25.0, 64.0, 0.162458, 0.097192], [78.0, 100.0, 0.160967, 0.074671], [18.0, 81.0, 0.158948, 0.84461], [100.0, 104.0, 0.157195, 0.068569]]
************************************************************************
TOP : 5% PAR POSITIONS : 264
NATURAL CONTACTS QUANTITY : 114 - %43
EVOL CONTACTS QUANTITY : 151 - %57
MATCH POSITIONS BETWEEN NAT AND EVOL (NO WINDOW) : 80
MATCH POSITIONS  : [[84.0, 87.0, 0.888334, 0.315031], [30.0, 33.0, 0.887762, 0.902926], [58.0, 73.0, 0.869908, 0.08131], [24.0, 55.0, 0.844973, 0.065973], [77.0, 87.0, 0.835001, 0.130978], [21.0, 52.0, 0.821692, 0.254695], [36.0, 76.0, 0.792189, 0.068509], [77.0, 84.0, 0.67932, 0.077612], [93.0, 96.0, 0.673757, 0.130179], [26.0, 57.0, 0.63135, 0.093794], [6.0, 9.0, 0.62223, 0.095898], [57.0, 60.0, 0.519602, 0.152452], [9.0, 13.0, 0.517016, 0.788314], [5.0, 9.0, 0.502559, 0.104957], [40.0, 53.0, 0.49725, 0.060787], [82.0, 83.0, 0.487771, 0.05778], [7.0, 64.0, 0.484828, 0.085777], [32.0, 35.0, 0.482924, 0.888555], [22.0, 40.0, 0.454452, 0.056882], [77.0, 79.0, 0.446703, 0.065387], [79.0, 84.0, 0.436692, 0.057654], [22.0, 53.0, 0.430055, 0.066643], [20.0, 80.0, 0.426937, 0.058853], [94.0, 98.0, 0.392228, 0.167108], [6.0, 8.0, 0.382076, 0.556143], [57.0, 59.0, 0.381376, 0.786977], [56.0, 61.0, 0.36824, 0.073127], [5.0, 13.0, 0.352347, 0.11907], [28.0, 59.0, 0.344973, 0.904], [36.0, 39.0, 0.344671, 0.065002], [22.0, 78.0, 0.335064, 0.072861], [61.0, 64.0, 0.325832, 0.060096], [76.0, 88.0, 0.307718, 0.063381], [29.0, 59.0, 0.302498, 0.410813], [56.0, 64.0, 0.294667, 0.10528], [43.0, 53.0, 0.289003, 0.064517], [88.0, 92.0, 0.28409, 0.055939], [75.0, 77.0, 0.276181, 0.099361], [31.0, 34.0, 0.270922, 0.842901], [96.0, 99.0, 0.257913, 0.523635], [36.0, 40.0, 0.25618, 0.060342], [12.0, 16.0, 0.252805, 0.786898], [93.0, 95.0, 0.247352, 0.245187], [47.0, 98.0, 0.240901, 0.076823], [32.0, 91.0, 0.235493, 0.204322], [36.0, 38.0, 0.235151, 0.078893], [24.0, 40.0, 0.231648, 0.069447], [7.0, 61.0, 0.227982, 0.566836], [73.0, 75.0, 0.227876, 0.132934], [51.0, 53.0, 0.227821, 0.061067], [14.0, 21.0, 0.22143, 0.068986], [5.0, 54.0, 0.215239, 0.05768], [29.0, 73.0, 0.205456, 0.059718], [92.0, 96.0, 0.19299, 0.059752], [36.0, 97.0, 0.190115, 0.057339], [10.0, 14.0, 0.18993, 0.070298], [19.0, 81.0, 0.189283, 0.808511], [36.0, 92.0, 0.177364, 0.098504], [37.0, 38.0, 0.175763, 0.05797], [80.0, 85.0, 0.174167, 0.772635], [24.0, 36.0, 0.17236, 0.056361], [43.0, 97.0, 0.171939, 0.082102], [6.0, 61.0, 0.169848, 0.058528], [25.0, 79.0, 0.169278, 0.056627], [39.0, 43.0, 0.167587, 0.063055], [36.0, 74.0, 0.165374, 0.067953], [88.0, 96.0, 0.164334, 0.271162], [25.0, 64.0, 0.162458, 0.097192], [78.0, 100.0, 0.160967, 0.074671], [25.0, 65.0, 0.160381, 0.056944], [23.0, 56.0, 0.160153, 0.056443], [18.0, 81.0, 0.158948, 0.84461], [100.0, 104.0, 0.157195, 0.068569], [21.0, 23.0, 0.153332, 0.055991], [7.0, 67.0, 0.148767, 0.056399], [58.0, 61.0, 0.144393, 0.05995], [88.0, 95.0, 0.14192, 0.056519], [23.0, 25.0, 0.129242, 0.057684], [10.0, 15.0, 0.129184, 0.074403], [42.0, 46.0, 0.12758, 0.105968]]
MATCH POSITIONS CONTACTS BETWEEN NAT AND EVOL (NO WINDOW) : 74
MATCH POSITIONS CONTACTS  : [[84.0, 87.0, 0.888334, 0.315031], [30.0, 33.0, 0.887762, 0.902926], [58.0, 73.0, 0.869908, 0.08131], [24.0, 55.0, 0.844973, 0.065973], [77.0, 87.0, 0.835001, 0.130978], [21.0, 52.0, 0.821692, 0.254695], [36.0, 76.0, 0.792189, 0.068509], [77.0, 84.0, 0.67932, 0.077612], [93.0, 96.0, 0.673757, 0.130179], [26.0, 57.0, 0.63135, 0.093794], [6.0, 9.0, 0.62223, 0.095898], [57.0, 60.0, 0.519602, 0.152452], [9.0, 13.0, 0.517016, 0.788314], [5.0, 9.0, 0.502559, 0.104957], [40.0, 53.0, 0.49725, 0.060787], [7.0, 64.0, 0.484828, 0.085777], [32.0, 35.0, 0.482924, 0.888555], [22.0, 40.0, 0.454452, 0.056882], [77.0, 79.0, 0.446703, 0.065387], [79.0, 84.0, 0.436692, 0.057654], [22.0, 53.0, 0.430055, 0.066643], [20.0, 80.0, 0.426937, 0.058853], [94.0, 98.0, 0.392228, 0.167108], [6.0, 8.0, 0.382076, 0.556143], [57.0, 59.0, 0.381376, 0.786977], [56.0, 61.0, 0.36824, 0.073127], [5.0, 13.0, 0.352347, 0.11907], [28.0, 59.0, 0.344973, 0.904], [36.0, 39.0, 0.344671, 0.065002], [22.0, 78.0, 0.335064, 0.072861], [61.0, 64.0, 0.325832, 0.060096], [76.0, 88.0, 0.307718, 0.063381], [29.0, 59.0, 0.302498, 0.410813], [56.0, 64.0, 0.294667, 0.10528], [43.0, 53.0, 0.289003, 0.064517], [88.0, 92.0, 0.28409, 0.055939], [75.0, 77.0, 0.276181, 0.099361], [31.0, 34.0, 0.270922, 0.842901], [96.0, 99.0, 0.257913, 0.523635], [36.0, 40.0, 0.25618, 0.060342], [12.0, 16.0, 0.252805, 0.786898], [93.0, 95.0, 0.247352, 0.245187], [47.0, 98.0, 0.240901, 0.076823], [32.0, 91.0, 0.235493, 0.204322], [36.0, 38.0, 0.235151, 0.078893], [24.0, 40.0, 0.231648, 0.069447], [7.0, 61.0, 0.227982, 0.566836], [73.0, 75.0, 0.227876, 0.132934], [51.0, 53.0, 0.227821, 0.061067], [14.0, 21.0, 0.22143, 0.068986], [5.0, 54.0, 0.215239, 0.05768], [29.0, 73.0, 0.205456, 0.059718], [92.0, 96.0, 0.19299, 0.059752], [10.0, 14.0, 0.18993, 0.070298], [19.0, 81.0, 0.189283, 0.808511], [36.0, 92.0, 0.177364, 0.098504], [80.0, 85.0, 0.174167, 0.772635], [24.0, 36.0, 0.17236, 0.056361], [43.0, 97.0, 0.171939, 0.082102], [6.0, 61.0, 0.169848, 0.058528], [25.0, 79.0, 0.169278, 0.056627], [39.0, 43.0, 0.167587, 0.063055], [36.0, 74.0, 0.165374, 0.067953], [88.0, 96.0, 0.164334, 0.271162], [25.0, 64.0, 0.162458, 0.097192], [78.0, 100.0, 0.160967, 0.074671], [23.0, 56.0, 0.160153, 0.056443], [18.0, 81.0, 0.158948, 0.84461], [100.0, 104.0, 0.157195, 0.068569], [21.0, 23.0, 0.153332, 0.055991], [58.0, 61.0, 0.144393, 0.05995], [23.0, 25.0, 0.129242, 0.057684], [10.0, 15.0, 0.129184, 0.074403], [42.0, 46.0, 0.12758, 0.105968]]
************************************************************************
