/home/jcorvi/esmsagen_data/THIO_ECOLI_4_107_CONFORMERS/2H74/curated_sequences/PSICOV
 SPEARMAN RANK CORRELATION 0.0967962633701
TOP : 0.5% PAR POSITIONS : 26.0
NATURAL CONTACTS QUANTITY : 18 - %69.2307692308
EVOL CONTACTS QUANTITY : 26 - %100.0
MATCH POSITIONS BETWEEN NAT AND EVOL (NO WINDOW) : 0
MATCH POSITIONS  : []
MATCH POSITIONS CONTACTS BETWEEN NAT AND EVOL (NO WINDOW) : 0
MATCH POSITIONS CONTACTS  : []
************************************************************************
TOP : 1% PAR POSITIONS : 52
NATURAL CONTACTS QUANTITY : 34 - %65
EVOL CONTACTS QUANTITY : 52 - %100
MATCH POSITIONS BETWEEN NAT AND EVOL (NO WINDOW) : 14
MATCH POSITIONS  : [[84.0, 87.0, 0.888334, 0.232589], [58.0, 73.0, 0.869908, 0.12654], [77.0, 87.0, 0.835001, 0.124205], [21.0, 52.0, 0.821692, 0.163605], [36.0, 76.0, 0.792189, 0.113225], [26.0, 28.0, 0.679715, 0.225604], [77.0, 84.0, 0.67932, 0.128686], [93.0, 96.0, 0.673757, 0.107452], [6.0, 9.0, 0.62223, 0.11251], [57.0, 60.0, 0.519602, 0.425923], [9.0, 13.0, 0.517016, 0.455253], [5.0, 9.0, 0.502559, 0.116015], [7.0, 64.0, 0.484828, 0.183022], [32.0, 35.0, 0.482924, 0.262528]]
MATCH POSITIONS CONTACTS BETWEEN NAT AND EVOL (NO WINDOW) : 14
MATCH POSITIONS CONTACTS  : [[84.0, 87.0, 0.888334, 0.232589], [58.0, 73.0, 0.869908, 0.12654], [77.0, 87.0, 0.835001, 0.124205], [21.0, 52.0, 0.821692, 0.163605], [36.0, 76.0, 0.792189, 0.113225], [26.0, 28.0, 0.679715, 0.225604], [77.0, 84.0, 0.67932, 0.128686], [93.0, 96.0, 0.673757, 0.107452], [6.0, 9.0, 0.62223, 0.11251], [57.0, 60.0, 0.519602, 0.425923], [9.0, 13.0, 0.517016, 0.455253], [5.0, 9.0, 0.502559, 0.116015], [7.0, 64.0, 0.484828, 0.183022], [32.0, 35.0, 0.482924, 0.262528]]
************************************************************************
TOP : 2% PAR POSITIONS : 105
NATURAL CONTACTS QUANTITY : 66 - %62
EVOL CONTACTS QUANTITY : 103 - %98
MATCH POSITIONS BETWEEN NAT AND EVOL (NO WINDOW) : 28
MATCH POSITIONS  : [[84.0, 87.0, 0.888334, 0.232589], [58.0, 73.0, 0.869908, 0.12654], [77.0, 87.0, 0.835001, 0.124205], [21.0, 52.0, 0.821692, 0.163605], [36.0, 76.0, 0.792189, 0.113225], [26.0, 28.0, 0.679715, 0.225604], [77.0, 84.0, 0.67932, 0.128686], [93.0, 96.0, 0.673757, 0.107452], [26.0, 57.0, 0.63135, 0.082339], [6.0, 9.0, 0.62223, 0.11251], [57.0, 60.0, 0.519602, 0.425923], [9.0, 13.0, 0.517016, 0.455253], [5.0, 9.0, 0.502559, 0.116015], [7.0, 64.0, 0.484828, 0.183022], [32.0, 35.0, 0.482924, 0.262528], [79.0, 84.0, 0.436692, 0.076447], [6.0, 8.0, 0.382076, 0.588798], [57.0, 59.0, 0.381376, 0.79569], [56.0, 61.0, 0.36824, 0.108909], [5.0, 13.0, 0.352347, 0.104811], [29.0, 59.0, 0.302498, 0.309603], [56.0, 64.0, 0.294667, 0.116756], [7.0, 63.0, 0.294628, 0.840033], [43.0, 53.0, 0.289003, 0.075548], [75.0, 77.0, 0.276181, 0.18047], [96.0, 99.0, 0.257913, 0.894375], [36.0, 40.0, 0.25618, 0.068182], [12.0, 16.0, 0.252805, 0.795866]]
MATCH POSITIONS CONTACTS BETWEEN NAT AND EVOL (NO WINDOW) : 28
MATCH POSITIONS CONTACTS  : [[84.0, 87.0, 0.888334, 0.232589], [58.0, 73.0, 0.869908, 0.12654], [77.0, 87.0, 0.835001, 0.124205], [21.0, 52.0, 0.821692, 0.163605], [36.0, 76.0, 0.792189, 0.113225], [26.0, 28.0, 0.679715, 0.225604], [77.0, 84.0, 0.67932, 0.128686], [93.0, 96.0, 0.673757, 0.107452], [26.0, 57.0, 0.63135, 0.082339], [6.0, 9.0, 0.62223, 0.11251], [57.0, 60.0, 0.519602, 0.425923], [9.0, 13.0, 0.517016, 0.455253], [5.0, 9.0, 0.502559, 0.116015], [7.0, 64.0, 0.484828, 0.183022], [32.0, 35.0, 0.482924, 0.262528], [79.0, 84.0, 0.436692, 0.076447], [6.0, 8.0, 0.382076, 0.588798], [57.0, 59.0, 0.381376, 0.79569], [56.0, 61.0, 0.36824, 0.108909], [5.0, 13.0, 0.352347, 0.104811], [29.0, 59.0, 0.302498, 0.309603], [56.0, 64.0, 0.294667, 0.116756], [7.0, 63.0, 0.294628, 0.840033], [43.0, 53.0, 0.289003, 0.075548], [75.0, 77.0, 0.276181, 0.18047], [96.0, 99.0, 0.257913, 0.894375], [36.0, 40.0, 0.25618, 0.068182], [12.0, 16.0, 0.252805, 0.795866]]
************************************************************************
TOP : 3% PAR POSITIONS : 158
NATURAL CONTACTS QUANTITY : 83 - %52
EVOL CONTACTS QUANTITY : 133 - %84
MATCH POSITIONS BETWEEN NAT AND EVOL (NO WINDOW) : 53
MATCH POSITIONS  : [[84.0, 87.0, 0.888334, 0.232589], [58.0, 73.0, 0.869908, 0.12654], [24.0, 55.0, 0.844973, 0.060796], [77.0, 87.0, 0.835001, 0.124205], [21.0, 52.0, 0.821692, 0.163605], [36.0, 76.0, 0.792189, 0.113225], [26.0, 28.0, 0.679715, 0.225604], [77.0, 84.0, 0.67932, 0.128686], [93.0, 96.0, 0.673757, 0.107452], [26.0, 57.0, 0.63135, 0.082339], [6.0, 9.0, 0.62223, 0.11251], [26.0, 55.0, 0.618635, 0.061886], [23.0, 79.0, 0.5712, 0.059749], [57.0, 60.0, 0.519602, 0.425923], [9.0, 13.0, 0.517016, 0.455253], [5.0, 9.0, 0.502559, 0.116015], [40.0, 53.0, 0.49725, 0.064893], [7.0, 64.0, 0.484828, 0.183022], [32.0, 35.0, 0.482924, 0.262528], [88.0, 100.0, 0.462582, 0.060423], [22.0, 40.0, 0.454452, 0.061209], [77.0, 79.0, 0.446703, 0.06163], [79.0, 84.0, 0.436692, 0.076447], [22.0, 53.0, 0.430055, 0.061471], [6.0, 8.0, 0.382076, 0.588798], [57.0, 59.0, 0.381376, 0.79569], [56.0, 61.0, 0.36824, 0.108909], [5.0, 13.0, 0.352347, 0.104811], [36.0, 39.0, 0.344671, 0.05991], [29.0, 59.0, 0.302498, 0.309603], [26.0, 73.0, 0.301368, 0.063029], [56.0, 64.0, 0.294667, 0.116756], [7.0, 63.0, 0.294628, 0.840033], [43.0, 53.0, 0.289003, 0.075548], [88.0, 92.0, 0.28409, 0.060193], [75.0, 77.0, 0.276181, 0.18047], [22.0, 76.0, 0.266997, 0.06183], [96.0, 99.0, 0.257913, 0.894375], [36.0, 40.0, 0.25618, 0.068182], [12.0, 16.0, 0.252805, 0.795866], [43.0, 47.0, 0.247632, 0.06122], [93.0, 95.0, 0.247352, 0.237123], [36.0, 38.0, 0.235151, 0.096772], [24.0, 40.0, 0.231648, 0.072617], [7.0, 61.0, 0.227982, 0.741687], [51.0, 53.0, 0.227821, 0.073034], [39.0, 42.0, 0.224745, 0.063356], [14.0, 21.0, 0.22143, 0.074975], [29.0, 73.0, 0.205456, 0.061898], [92.0, 96.0, 0.19299, 0.064171], [10.0, 14.0, 0.18993, 0.068883], [19.0, 81.0, 0.189283, 0.899102], [75.0, 87.0, 0.180325, 0.092607]]
MATCH POSITIONS CONTACTS BETWEEN NAT AND EVOL (NO WINDOW) : 53
MATCH POSITIONS CONTACTS  : [[84.0, 87.0, 0.888334, 0.232589], [58.0, 73.0, 0.869908, 0.12654], [24.0, 55.0, 0.844973, 0.060796], [77.0, 87.0, 0.835001, 0.124205], [21.0, 52.0, 0.821692, 0.163605], [36.0, 76.0, 0.792189, 0.113225], [26.0, 28.0, 0.679715, 0.225604], [77.0, 84.0, 0.67932, 0.128686], [93.0, 96.0, 0.673757, 0.107452], [26.0, 57.0, 0.63135, 0.082339], [6.0, 9.0, 0.62223, 0.11251], [26.0, 55.0, 0.618635, 0.061886], [23.0, 79.0, 0.5712, 0.059749], [57.0, 60.0, 0.519602, 0.425923], [9.0, 13.0, 0.517016, 0.455253], [5.0, 9.0, 0.502559, 0.116015], [40.0, 53.0, 0.49725, 0.064893], [7.0, 64.0, 0.484828, 0.183022], [32.0, 35.0, 0.482924, 0.262528], [88.0, 100.0, 0.462582, 0.060423], [22.0, 40.0, 0.454452, 0.061209], [77.0, 79.0, 0.446703, 0.06163], [79.0, 84.0, 0.436692, 0.076447], [22.0, 53.0, 0.430055, 0.061471], [6.0, 8.0, 0.382076, 0.588798], [57.0, 59.0, 0.381376, 0.79569], [56.0, 61.0, 0.36824, 0.108909], [5.0, 13.0, 0.352347, 0.104811], [36.0, 39.0, 0.344671, 0.05991], [29.0, 59.0, 0.302498, 0.309603], [26.0, 73.0, 0.301368, 0.063029], [56.0, 64.0, 0.294667, 0.116756], [7.0, 63.0, 0.294628, 0.840033], [43.0, 53.0, 0.289003, 0.075548], [88.0, 92.0, 0.28409, 0.060193], [75.0, 77.0, 0.276181, 0.18047], [22.0, 76.0, 0.266997, 0.06183], [96.0, 99.0, 0.257913, 0.894375], [36.0, 40.0, 0.25618, 0.068182], [12.0, 16.0, 0.252805, 0.795866], [43.0, 47.0, 0.247632, 0.06122], [93.0, 95.0, 0.247352, 0.237123], [36.0, 38.0, 0.235151, 0.096772], [24.0, 40.0, 0.231648, 0.072617], [7.0, 61.0, 0.227982, 0.741687], [51.0, 53.0, 0.227821, 0.073034], [39.0, 42.0, 0.224745, 0.063356], [14.0, 21.0, 0.22143, 0.074975], [29.0, 73.0, 0.205456, 0.061898], [92.0, 96.0, 0.19299, 0.064171], [10.0, 14.0, 0.18993, 0.068883], [19.0, 81.0, 0.189283, 0.899102], [75.0, 87.0, 0.180325, 0.092607]]
************************************************************************
TOP : 4% PAR POSITIONS : 211
NATURAL CONTACTS QUANTITY : 102 - %48
EVOL CONTACTS QUANTITY : 143 - %67
MATCH POSITIONS BETWEEN NAT AND EVOL (NO WINDOW) : 70
MATCH POSITIONS  : [[84.0, 87.0, 0.888334, 0.232589], [58.0, 73.0, 0.869908, 0.12654], [24.0, 55.0, 0.844973, 0.060796], [77.0, 87.0, 0.835001, 0.124205], [21.0, 52.0, 0.821692, 0.163605], [36.0, 76.0, 0.792189, 0.113225], [26.0, 28.0, 0.679715, 0.225604], [77.0, 84.0, 0.67932, 0.128686], [93.0, 96.0, 0.673757, 0.107452], [26.0, 57.0, 0.63135, 0.082339], [6.0, 9.0, 0.62223, 0.11251], [26.0, 55.0, 0.618635, 0.061886], [23.0, 79.0, 0.5712, 0.059749], [57.0, 60.0, 0.519602, 0.425923], [9.0, 13.0, 0.517016, 0.455253], [5.0, 9.0, 0.502559, 0.116015], [40.0, 53.0, 0.49725, 0.064893], [7.0, 64.0, 0.484828, 0.183022], [32.0, 35.0, 0.482924, 0.262528], [88.0, 100.0, 0.462582, 0.060423], [22.0, 40.0, 0.454452, 0.061209], [77.0, 79.0, 0.446703, 0.06163], [79.0, 84.0, 0.436692, 0.076447], [22.0, 53.0, 0.430055, 0.061471], [6.0, 8.0, 0.382076, 0.588798], [57.0, 59.0, 0.381376, 0.79569], [56.0, 61.0, 0.36824, 0.108909], [5.0, 13.0, 0.352347, 0.104811], [36.0, 39.0, 0.344671, 0.05991], [29.0, 59.0, 0.302498, 0.309603], [26.0, 73.0, 0.301368, 0.063029], [56.0, 64.0, 0.294667, 0.116756], [7.0, 63.0, 0.294628, 0.840033], [43.0, 53.0, 0.289003, 0.075548], [88.0, 92.0, 0.28409, 0.060193], [75.0, 77.0, 0.276181, 0.18047], [22.0, 76.0, 0.266997, 0.06183], [96.0, 99.0, 0.257913, 0.894375], [36.0, 40.0, 0.25618, 0.068182], [12.0, 16.0, 0.252805, 0.795866], [43.0, 47.0, 0.247632, 0.06122], [93.0, 95.0, 0.247352, 0.237123], [36.0, 38.0, 0.235151, 0.096772], [24.0, 40.0, 0.231648, 0.072617], [7.0, 61.0, 0.227982, 0.741687], [51.0, 53.0, 0.227821, 0.073034], [39.0, 42.0, 0.224745, 0.063356], [14.0, 21.0, 0.22143, 0.074975], [5.0, 54.0, 0.215239, 0.058153], [29.0, 73.0, 0.205456, 0.061898], [92.0, 96.0, 0.19299, 0.064171], [10.0, 14.0, 0.18993, 0.068883], [19.0, 81.0, 0.189283, 0.899102], [75.0, 87.0, 0.180325, 0.092607], [40.0, 76.0, 0.177856, 0.060551], [36.0, 92.0, 0.177364, 0.093526], [80.0, 85.0, 0.174167, 0.07527], [24.0, 36.0, 0.17236, 0.059492], [43.0, 97.0, 0.171939, 0.059599], [6.0, 61.0, 0.169848, 0.096915], [39.0, 43.0, 0.167587, 0.071402], [36.0, 74.0, 0.165374, 0.078816], [25.0, 64.0, 0.162458, 0.110984], [78.0, 100.0, 0.160967, 0.073727], [25.0, 65.0, 0.160381, 0.073483], [23.0, 56.0, 0.160153, 0.058729], [18.0, 81.0, 0.158948, 0.903138], [100.0, 104.0, 0.157195, 0.099651], [14.0, 17.0, 0.155704, 0.063171], [71.0, 72.0, 0.149346, 0.06074]]
MATCH POSITIONS CONTACTS BETWEEN NAT AND EVOL (NO WINDOW) : 69
MATCH POSITIONS CONTACTS  : [[84.0, 87.0, 0.888334, 0.232589], [58.0, 73.0, 0.869908, 0.12654], [24.0, 55.0, 0.844973, 0.060796], [77.0, 87.0, 0.835001, 0.124205], [21.0, 52.0, 0.821692, 0.163605], [36.0, 76.0, 0.792189, 0.113225], [26.0, 28.0, 0.679715, 0.225604], [77.0, 84.0, 0.67932, 0.128686], [93.0, 96.0, 0.673757, 0.107452], [26.0, 57.0, 0.63135, 0.082339], [6.0, 9.0, 0.62223, 0.11251], [26.0, 55.0, 0.618635, 0.061886], [23.0, 79.0, 0.5712, 0.059749], [57.0, 60.0, 0.519602, 0.425923], [9.0, 13.0, 0.517016, 0.455253], [5.0, 9.0, 0.502559, 0.116015], [40.0, 53.0, 0.49725, 0.064893], [7.0, 64.0, 0.484828, 0.183022], [32.0, 35.0, 0.482924, 0.262528], [88.0, 100.0, 0.462582, 0.060423], [22.0, 40.0, 0.454452, 0.061209], [77.0, 79.0, 0.446703, 0.06163], [79.0, 84.0, 0.436692, 0.076447], [22.0, 53.0, 0.430055, 0.061471], [6.0, 8.0, 0.382076, 0.588798], [57.0, 59.0, 0.381376, 0.79569], [56.0, 61.0, 0.36824, 0.108909], [5.0, 13.0, 0.352347, 0.104811], [36.0, 39.0, 0.344671, 0.05991], [29.0, 59.0, 0.302498, 0.309603], [26.0, 73.0, 0.301368, 0.063029], [56.0, 64.0, 0.294667, 0.116756], [7.0, 63.0, 0.294628, 0.840033], [43.0, 53.0, 0.289003, 0.075548], [88.0, 92.0, 0.28409, 0.060193], [75.0, 77.0, 0.276181, 0.18047], [22.0, 76.0, 0.266997, 0.06183], [96.0, 99.0, 0.257913, 0.894375], [36.0, 40.0, 0.25618, 0.068182], [12.0, 16.0, 0.252805, 0.795866], [43.0, 47.0, 0.247632, 0.06122], [93.0, 95.0, 0.247352, 0.237123], [36.0, 38.0, 0.235151, 0.096772], [24.0, 40.0, 0.231648, 0.072617], [7.0, 61.0, 0.227982, 0.741687], [51.0, 53.0, 0.227821, 0.073034], [39.0, 42.0, 0.224745, 0.063356], [14.0, 21.0, 0.22143, 0.074975], [5.0, 54.0, 0.215239, 0.058153], [29.0, 73.0, 0.205456, 0.061898], [92.0, 96.0, 0.19299, 0.064171], [10.0, 14.0, 0.18993, 0.068883], [19.0, 81.0, 0.189283, 0.899102], [75.0, 87.0, 0.180325, 0.092607], [40.0, 76.0, 0.177856, 0.060551], [36.0, 92.0, 0.177364, 0.093526], [80.0, 85.0, 0.174167, 0.07527], [24.0, 36.0, 0.17236, 0.059492], [43.0, 97.0, 0.171939, 0.059599], [6.0, 61.0, 0.169848, 0.096915], [39.0, 43.0, 0.167587, 0.071402], [36.0, 74.0, 0.165374, 0.078816], [25.0, 64.0, 0.162458, 0.110984], [78.0, 100.0, 0.160967, 0.073727], [25.0, 65.0, 0.160381, 0.073483], [23.0, 56.0, 0.160153, 0.058729], [18.0, 81.0, 0.158948, 0.903138], [100.0, 104.0, 0.157195, 0.099651], [14.0, 17.0, 0.155704, 0.063171]]
************************************************************************
TOP : 5% PAR POSITIONS : 264
NATURAL CONTACTS QUANTITY : 113 - %42
EVOL CONTACTS QUANTITY : 145 - %54
MATCH POSITIONS BETWEEN NAT AND EVOL (NO WINDOW) : 77
MATCH POSITIONS  : [[84.0, 87.0, 0.888334, 0.232589], [58.0, 73.0, 0.869908, 0.12654], [24.0, 55.0, 0.844973, 0.060796], [77.0, 87.0, 0.835001, 0.124205], [21.0, 52.0, 0.821692, 0.163605], [36.0, 76.0, 0.792189, 0.113225], [26.0, 28.0, 0.679715, 0.225604], [77.0, 84.0, 0.67932, 0.128686], [93.0, 96.0, 0.673757, 0.107452], [26.0, 57.0, 0.63135, 0.082339], [6.0, 9.0, 0.62223, 0.11251], [26.0, 55.0, 0.618635, 0.061886], [23.0, 79.0, 0.5712, 0.059749], [57.0, 60.0, 0.519602, 0.425923], [9.0, 13.0, 0.517016, 0.455253], [5.0, 9.0, 0.502559, 0.116015], [40.0, 53.0, 0.49725, 0.064893], [7.0, 64.0, 0.484828, 0.183022], [32.0, 35.0, 0.482924, 0.262528], [25.0, 58.0, 0.469072, 0.057767], [88.0, 100.0, 0.462582, 0.060423], [22.0, 40.0, 0.454452, 0.061209], [77.0, 79.0, 0.446703, 0.06163], [79.0, 84.0, 0.436692, 0.076447], [22.0, 53.0, 0.430055, 0.061471], [6.0, 8.0, 0.382076, 0.588798], [57.0, 59.0, 0.381376, 0.79569], [56.0, 61.0, 0.36824, 0.108909], [5.0, 13.0, 0.352347, 0.104811], [36.0, 39.0, 0.344671, 0.05991], [29.0, 59.0, 0.302498, 0.309603], [26.0, 73.0, 0.301368, 0.063029], [56.0, 64.0, 0.294667, 0.116756], [7.0, 63.0, 0.294628, 0.840033], [43.0, 53.0, 0.289003, 0.075548], [88.0, 92.0, 0.28409, 0.060193], [75.0, 77.0, 0.276181, 0.18047], [22.0, 76.0, 0.266997, 0.06183], [96.0, 99.0, 0.257913, 0.894375], [36.0, 40.0, 0.25618, 0.068182], [12.0, 16.0, 0.252805, 0.795866], [43.0, 47.0, 0.247632, 0.06122], [93.0, 95.0, 0.247352, 0.237123], [36.0, 38.0, 0.235151, 0.096772], [24.0, 40.0, 0.231648, 0.072617], [7.0, 61.0, 0.227982, 0.741687], [51.0, 53.0, 0.227821, 0.073034], [39.0, 42.0, 0.224745, 0.063356], [14.0, 21.0, 0.22143, 0.074975], [5.0, 54.0, 0.215239, 0.058153], [29.0, 73.0, 0.205456, 0.061898], [92.0, 96.0, 0.19299, 0.064171], [10.0, 14.0, 0.18993, 0.068883], [19.0, 81.0, 0.189283, 0.899102], [29.0, 31.0, 0.183535, 0.056657], [75.0, 87.0, 0.180325, 0.092607], [40.0, 76.0, 0.177856, 0.060551], [36.0, 92.0, 0.177364, 0.093526], [80.0, 85.0, 0.174167, 0.07527], [24.0, 36.0, 0.17236, 0.059492], [43.0, 97.0, 0.171939, 0.059599], [6.0, 61.0, 0.169848, 0.096915], [39.0, 43.0, 0.167587, 0.071402], [36.0, 74.0, 0.165374, 0.078816], [25.0, 64.0, 0.162458, 0.110984], [78.0, 100.0, 0.160967, 0.073727], [25.0, 65.0, 0.160381, 0.073483], [23.0, 56.0, 0.160153, 0.058729], [18.0, 81.0, 0.158948, 0.903138], [100.0, 104.0, 0.157195, 0.099651], [14.0, 17.0, 0.155704, 0.063171], [71.0, 72.0, 0.149346, 0.06074], [87.0, 89.0, 0.146649, 0.365481], [5.0, 23.0, 0.145298, 0.085619], [25.0, 70.0, 0.144227, 0.057931], [10.0, 15.0, 0.129184, 0.06461], [42.0, 46.0, 0.12758, 0.584948]]
MATCH POSITIONS CONTACTS BETWEEN NAT AND EVOL (NO WINDOW) : 75
MATCH POSITIONS CONTACTS  : [[84.0, 87.0, 0.888334, 0.232589], [58.0, 73.0, 0.869908, 0.12654], [24.0, 55.0, 0.844973, 0.060796], [77.0, 87.0, 0.835001, 0.124205], [21.0, 52.0, 0.821692, 0.163605], [36.0, 76.0, 0.792189, 0.113225], [26.0, 28.0, 0.679715, 0.225604], [77.0, 84.0, 0.67932, 0.128686], [93.0, 96.0, 0.673757, 0.107452], [26.0, 57.0, 0.63135, 0.082339], [6.0, 9.0, 0.62223, 0.11251], [26.0, 55.0, 0.618635, 0.061886], [23.0, 79.0, 0.5712, 0.059749], [57.0, 60.0, 0.519602, 0.425923], [9.0, 13.0, 0.517016, 0.455253], [5.0, 9.0, 0.502559, 0.116015], [40.0, 53.0, 0.49725, 0.064893], [7.0, 64.0, 0.484828, 0.183022], [32.0, 35.0, 0.482924, 0.262528], [25.0, 58.0, 0.469072, 0.057767], [88.0, 100.0, 0.462582, 0.060423], [22.0, 40.0, 0.454452, 0.061209], [77.0, 79.0, 0.446703, 0.06163], [79.0, 84.0, 0.436692, 0.076447], [22.0, 53.0, 0.430055, 0.061471], [6.0, 8.0, 0.382076, 0.588798], [57.0, 59.0, 0.381376, 0.79569], [56.0, 61.0, 0.36824, 0.108909], [5.0, 13.0, 0.352347, 0.104811], [36.0, 39.0, 0.344671, 0.05991], [29.0, 59.0, 0.302498, 0.309603], [26.0, 73.0, 0.301368, 0.063029], [56.0, 64.0, 0.294667, 0.116756], [7.0, 63.0, 0.294628, 0.840033], [43.0, 53.0, 0.289003, 0.075548], [88.0, 92.0, 0.28409, 0.060193], [75.0, 77.0, 0.276181, 0.18047], [22.0, 76.0, 0.266997, 0.06183], [96.0, 99.0, 0.257913, 0.894375], [36.0, 40.0, 0.25618, 0.068182], [12.0, 16.0, 0.252805, 0.795866], [43.0, 47.0, 0.247632, 0.06122], [93.0, 95.0, 0.247352, 0.237123], [36.0, 38.0, 0.235151, 0.096772], [24.0, 40.0, 0.231648, 0.072617], [7.0, 61.0, 0.227982, 0.741687], [51.0, 53.0, 0.227821, 0.073034], [39.0, 42.0, 0.224745, 0.063356], [14.0, 21.0, 0.22143, 0.074975], [5.0, 54.0, 0.215239, 0.058153], [29.0, 73.0, 0.205456, 0.061898], [92.0, 96.0, 0.19299, 0.064171], [10.0, 14.0, 0.18993, 0.068883], [19.0, 81.0, 0.189283, 0.899102], [75.0, 87.0, 0.180325, 0.092607], [40.0, 76.0, 0.177856, 0.060551], [36.0, 92.0, 0.177364, 0.093526], [80.0, 85.0, 0.174167, 0.07527], [24.0, 36.0, 0.17236, 0.059492], [43.0, 97.0, 0.171939, 0.059599], [6.0, 61.0, 0.169848, 0.096915], [39.0, 43.0, 0.167587, 0.071402], [36.0, 74.0, 0.165374, 0.078816], [25.0, 64.0, 0.162458, 0.110984], [78.0, 100.0, 0.160967, 0.073727], [25.0, 65.0, 0.160381, 0.073483], [23.0, 56.0, 0.160153, 0.058729], [18.0, 81.0, 0.158948, 0.903138], [100.0, 104.0, 0.157195, 0.099651], [14.0, 17.0, 0.155704, 0.063171], [87.0, 89.0, 0.146649, 0.365481], [5.0, 23.0, 0.145298, 0.085619], [25.0, 70.0, 0.144227, 0.057931], [10.0, 15.0, 0.129184, 0.06461], [42.0, 46.0, 0.12758, 0.584948]]
************************************************************************
