/home/jcorvi/esmsagen_data/THIO_ECOLI_4_107_CONFORMERS/1XOA/curated_sequences/PSICOV
 SPEARMAN RANK CORRELATION 0.0699142484772
TOP : 0.5% PAR POSITIONS : 26.0
NATURAL CONTACTS QUANTITY : 18 - %69.2307692308
EVOL CONTACTS QUANTITY : 12 - %46.1538461538
MATCH POSITIONS BETWEEN NAT AND EVOL (NO WINDOW) : 1
MATCH POSITIONS  : [[30.0, 33.0, 0.887762, 0.90291]]
MATCH POSITIONS CONTACTS BETWEEN NAT AND EVOL (NO WINDOW) : 1
MATCH POSITIONS CONTACTS  : [[30.0, 33.0, 0.887762, 0.90291]]
************************************************************************
TOP : 1% PAR POSITIONS : 52
NATURAL CONTACTS QUANTITY : 34 - %65
EVOL CONTACTS QUANTITY : 28 - %53
MATCH POSITIONS BETWEEN NAT AND EVOL (NO WINDOW) : 4
MATCH POSITIONS  : [[30.0, 33.0, 0.887762, 0.90291], [93.0, 96.0, 0.673757, 0.36669], [9.0, 13.0, 0.517016, 0.747546], [32.0, 35.0, 0.482924, 0.847741]]
MATCH POSITIONS CONTACTS BETWEEN NAT AND EVOL (NO WINDOW) : 4
MATCH POSITIONS CONTACTS  : [[30.0, 33.0, 0.887762, 0.90291], [93.0, 96.0, 0.673757, 0.36669], [9.0, 13.0, 0.517016, 0.747546], [32.0, 35.0, 0.482924, 0.847741]]
************************************************************************
TOP : 2% PAR POSITIONS : 105
NATURAL CONTACTS QUANTITY : 66 - %62
EVOL CONTACTS QUANTITY : 61 - %58
MATCH POSITIONS BETWEEN NAT AND EVOL (NO WINDOW) : 18
MATCH POSITIONS  : [[84.0, 87.0, 0.888334, 0.162643], [30.0, 33.0, 0.887762, 0.90291], [77.0, 87.0, 0.835001, 0.105832], [21.0, 52.0, 0.821692, 0.217723], [93.0, 96.0, 0.673757, 0.36669], [57.0, 60.0, 0.519602, 0.151769], [9.0, 13.0, 0.517016, 0.747546], [7.0, 64.0, 0.484828, 0.124514], [32.0, 35.0, 0.482924, 0.847741], [94.0, 98.0, 0.392228, 0.875114], [6.0, 8.0, 0.382076, 0.387463], [57.0, 59.0, 0.381376, 0.737156], [5.0, 13.0, 0.352347, 0.111952], [28.0, 59.0, 0.344973, 0.903951], [44.0, 53.0, 0.326652, 0.08704], [29.0, 59.0, 0.302498, 0.219877], [96.0, 99.0, 0.257913, 0.803228], [12.0, 16.0, 0.252805, 0.741444]]
MATCH POSITIONS CONTACTS BETWEEN NAT AND EVOL (NO WINDOW) : 18
MATCH POSITIONS CONTACTS  : [[84.0, 87.0, 0.888334, 0.162643], [30.0, 33.0, 0.887762, 0.90291], [77.0, 87.0, 0.835001, 0.105832], [21.0, 52.0, 0.821692, 0.217723], [93.0, 96.0, 0.673757, 0.36669], [57.0, 60.0, 0.519602, 0.151769], [9.0, 13.0, 0.517016, 0.747546], [7.0, 64.0, 0.484828, 0.124514], [32.0, 35.0, 0.482924, 0.847741], [94.0, 98.0, 0.392228, 0.875114], [6.0, 8.0, 0.382076, 0.387463], [57.0, 59.0, 0.381376, 0.737156], [5.0, 13.0, 0.352347, 0.111952], [28.0, 59.0, 0.344973, 0.903951], [44.0, 53.0, 0.326652, 0.08704], [29.0, 59.0, 0.302498, 0.219877], [96.0, 99.0, 0.257913, 0.803228], [12.0, 16.0, 0.252805, 0.741444]]
************************************************************************
TOP : 3% PAR POSITIONS : 158
NATURAL CONTACTS QUANTITY : 82 - %51
EVOL CONTACTS QUANTITY : 101 - %63
MATCH POSITIONS BETWEEN NAT AND EVOL (NO WINDOW) : 38
MATCH POSITIONS  : [[84.0, 87.0, 0.888334, 0.162643], [30.0, 33.0, 0.887762, 0.90291], [58.0, 73.0, 0.869908, 0.0791], [77.0, 87.0, 0.835001, 0.105832], [21.0, 52.0, 0.821692, 0.217723], [77.0, 84.0, 0.67932, 0.07839], [93.0, 96.0, 0.673757, 0.36669], [26.0, 57.0, 0.63135, 0.082295], [6.0, 9.0, 0.62223, 0.084763], [57.0, 60.0, 0.519602, 0.151769], [9.0, 13.0, 0.517016, 0.747546], [5.0, 9.0, 0.502559, 0.080061], [7.0, 64.0, 0.484828, 0.124514], [32.0, 35.0, 0.482924, 0.847741], [77.0, 79.0, 0.446703, 0.067773], [79.0, 84.0, 0.436692, 0.073374], [94.0, 98.0, 0.392228, 0.875114], [6.0, 8.0, 0.382076, 0.387463], [57.0, 59.0, 0.381376, 0.737156], [56.0, 61.0, 0.36824, 0.064484], [5.0, 13.0, 0.352347, 0.111952], [28.0, 59.0, 0.344973, 0.903951], [44.0, 53.0, 0.326652, 0.08704], [61.0, 64.0, 0.325832, 0.063164], [29.0, 59.0, 0.302498, 0.219877], [56.0, 64.0, 0.294667, 0.083214], [75.0, 77.0, 0.276181, 0.084493], [96.0, 99.0, 0.257913, 0.803228], [12.0, 16.0, 0.252805, 0.741444], [93.0, 95.0, 0.247352, 0.227367], [47.0, 98.0, 0.240901, 0.775576], [36.0, 38.0, 0.235151, 0.112173], [24.0, 40.0, 0.231648, 0.065484], [7.0, 61.0, 0.227982, 0.822026], [73.0, 75.0, 0.227876, 0.101224], [14.0, 21.0, 0.22143, 0.06951], [92.0, 96.0, 0.19299, 0.064444], [10.0, 14.0, 0.18993, 0.063553]]
MATCH POSITIONS CONTACTS BETWEEN NAT AND EVOL (NO WINDOW) : 38
MATCH POSITIONS CONTACTS  : [[84.0, 87.0, 0.888334, 0.162643], [30.0, 33.0, 0.887762, 0.90291], [58.0, 73.0, 0.869908, 0.0791], [77.0, 87.0, 0.835001, 0.105832], [21.0, 52.0, 0.821692, 0.217723], [77.0, 84.0, 0.67932, 0.07839], [93.0, 96.0, 0.673757, 0.36669], [26.0, 57.0, 0.63135, 0.082295], [6.0, 9.0, 0.62223, 0.084763], [57.0, 60.0, 0.519602, 0.151769], [9.0, 13.0, 0.517016, 0.747546], [5.0, 9.0, 0.502559, 0.080061], [7.0, 64.0, 0.484828, 0.124514], [32.0, 35.0, 0.482924, 0.847741], [77.0, 79.0, 0.446703, 0.067773], [79.0, 84.0, 0.436692, 0.073374], [94.0, 98.0, 0.392228, 0.875114], [6.0, 8.0, 0.382076, 0.387463], [57.0, 59.0, 0.381376, 0.737156], [56.0, 61.0, 0.36824, 0.064484], [5.0, 13.0, 0.352347, 0.111952], [28.0, 59.0, 0.344973, 0.903951], [44.0, 53.0, 0.326652, 0.08704], [61.0, 64.0, 0.325832, 0.063164], [29.0, 59.0, 0.302498, 0.219877], [56.0, 64.0, 0.294667, 0.083214], [75.0, 77.0, 0.276181, 0.084493], [96.0, 99.0, 0.257913, 0.803228], [12.0, 16.0, 0.252805, 0.741444], [93.0, 95.0, 0.247352, 0.227367], [47.0, 98.0, 0.240901, 0.775576], [36.0, 38.0, 0.235151, 0.112173], [24.0, 40.0, 0.231648, 0.065484], [7.0, 61.0, 0.227982, 0.822026], [73.0, 75.0, 0.227876, 0.101224], [14.0, 21.0, 0.22143, 0.06951], [92.0, 96.0, 0.19299, 0.064444], [10.0, 14.0, 0.18993, 0.063553]]
************************************************************************
TOP : 4% PAR POSITIONS : 211
NATURAL CONTACTS QUANTITY : 98 - %46
EVOL CONTACTS QUANTITY : 128 - %60
MATCH POSITIONS BETWEEN NAT AND EVOL (NO WINDOW) : 59
MATCH POSITIONS  : [[84.0, 87.0, 0.888334, 0.162643], [30.0, 33.0, 0.887762, 0.90291], [58.0, 73.0, 0.869908, 0.0791], [77.0, 87.0, 0.835001, 0.105832], [21.0, 52.0, 0.821692, 0.217723], [36.0, 76.0, 0.792189, 0.057219], [77.0, 84.0, 0.67932, 0.07839], [93.0, 96.0, 0.673757, 0.36669], [26.0, 57.0, 0.63135, 0.082295], [6.0, 9.0, 0.62223, 0.084763], [57.0, 60.0, 0.519602, 0.151769], [9.0, 13.0, 0.517016, 0.747546], [5.0, 9.0, 0.502559, 0.080061], [40.0, 53.0, 0.49725, 0.057226], [7.0, 64.0, 0.484828, 0.124514], [32.0, 35.0, 0.482924, 0.847741], [25.0, 58.0, 0.469072, 0.057833], [77.0, 79.0, 0.446703, 0.067773], [79.0, 84.0, 0.436692, 0.073374], [20.0, 80.0, 0.426937, 0.057526], [94.0, 98.0, 0.392228, 0.875114], [6.0, 8.0, 0.382076, 0.387463], [57.0, 59.0, 0.381376, 0.737156], [56.0, 61.0, 0.36824, 0.064484], [5.0, 13.0, 0.352347, 0.111952], [28.0, 59.0, 0.344973, 0.903951], [22.0, 78.0, 0.335064, 0.057521], [44.0, 53.0, 0.326652, 0.08704], [61.0, 64.0, 0.325832, 0.063164], [76.0, 88.0, 0.307718, 0.060053], [29.0, 59.0, 0.302498, 0.219877], [26.0, 73.0, 0.301368, 0.059174], [56.0, 64.0, 0.294667, 0.083214], [88.0, 92.0, 0.28409, 0.061105], [75.0, 77.0, 0.276181, 0.084493], [22.0, 76.0, 0.266997, 0.057332], [96.0, 99.0, 0.257913, 0.803228], [12.0, 16.0, 0.252805, 0.741444], [93.0, 95.0, 0.247352, 0.227367], [47.0, 98.0, 0.240901, 0.775576], [36.0, 38.0, 0.235151, 0.112173], [24.0, 40.0, 0.231648, 0.065484], [7.0, 61.0, 0.227982, 0.822026], [73.0, 75.0, 0.227876, 0.101224], [51.0, 53.0, 0.227821, 0.061503], [14.0, 21.0, 0.22143, 0.06951], [5.0, 54.0, 0.215239, 0.058883], [92.0, 96.0, 0.19299, 0.064444], [10.0, 14.0, 0.18993, 0.063553], [43.0, 97.0, 0.171939, 0.064495], [6.0, 61.0, 0.169848, 0.060981], [39.0, 43.0, 0.167587, 0.063079], [36.0, 74.0, 0.165374, 0.082452], [25.0, 64.0, 0.162458, 0.089532], [78.0, 100.0, 0.160967, 0.064675], [100.0, 104.0, 0.157195, 0.061923], [14.0, 17.0, 0.155704, 0.060246], [7.0, 67.0, 0.148767, 0.116864], [86.0, 100.0, 0.146993, 0.291064]]
MATCH POSITIONS CONTACTS BETWEEN NAT AND EVOL (NO WINDOW) : 59
MATCH POSITIONS CONTACTS  : [[84.0, 87.0, 0.888334, 0.162643], [30.0, 33.0, 0.887762, 0.90291], [58.0, 73.0, 0.869908, 0.0791], [77.0, 87.0, 0.835001, 0.105832], [21.0, 52.0, 0.821692, 0.217723], [36.0, 76.0, 0.792189, 0.057219], [77.0, 84.0, 0.67932, 0.07839], [93.0, 96.0, 0.673757, 0.36669], [26.0, 57.0, 0.63135, 0.082295], [6.0, 9.0, 0.62223, 0.084763], [57.0, 60.0, 0.519602, 0.151769], [9.0, 13.0, 0.517016, 0.747546], [5.0, 9.0, 0.502559, 0.080061], [40.0, 53.0, 0.49725, 0.057226], [7.0, 64.0, 0.484828, 0.124514], [32.0, 35.0, 0.482924, 0.847741], [25.0, 58.0, 0.469072, 0.057833], [77.0, 79.0, 0.446703, 0.067773], [79.0, 84.0, 0.436692, 0.073374], [20.0, 80.0, 0.426937, 0.057526], [94.0, 98.0, 0.392228, 0.875114], [6.0, 8.0, 0.382076, 0.387463], [57.0, 59.0, 0.381376, 0.737156], [56.0, 61.0, 0.36824, 0.064484], [5.0, 13.0, 0.352347, 0.111952], [28.0, 59.0, 0.344973, 0.903951], [22.0, 78.0, 0.335064, 0.057521], [44.0, 53.0, 0.326652, 0.08704], [61.0, 64.0, 0.325832, 0.063164], [76.0, 88.0, 0.307718, 0.060053], [29.0, 59.0, 0.302498, 0.219877], [26.0, 73.0, 0.301368, 0.059174], [56.0, 64.0, 0.294667, 0.083214], [88.0, 92.0, 0.28409, 0.061105], [75.0, 77.0, 0.276181, 0.084493], [22.0, 76.0, 0.266997, 0.057332], [96.0, 99.0, 0.257913, 0.803228], [12.0, 16.0, 0.252805, 0.741444], [93.0, 95.0, 0.247352, 0.227367], [47.0, 98.0, 0.240901, 0.775576], [36.0, 38.0, 0.235151, 0.112173], [24.0, 40.0, 0.231648, 0.065484], [7.0, 61.0, 0.227982, 0.822026], [73.0, 75.0, 0.227876, 0.101224], [51.0, 53.0, 0.227821, 0.061503], [14.0, 21.0, 0.22143, 0.06951], [5.0, 54.0, 0.215239, 0.058883], [92.0, 96.0, 0.19299, 0.064444], [10.0, 14.0, 0.18993, 0.063553], [43.0, 97.0, 0.171939, 0.064495], [6.0, 61.0, 0.169848, 0.060981], [39.0, 43.0, 0.167587, 0.063079], [36.0, 74.0, 0.165374, 0.082452], [25.0, 64.0, 0.162458, 0.089532], [78.0, 100.0, 0.160967, 0.064675], [100.0, 104.0, 0.157195, 0.061923], [14.0, 17.0, 0.155704, 0.060246], [7.0, 67.0, 0.148767, 0.116864], [86.0, 100.0, 0.146993, 0.291064]]
************************************************************************
TOP : 5% PAR POSITIONS : 264
NATURAL CONTACTS QUANTITY : 108 - %40
EVOL CONTACTS QUANTITY : 136 - %51
MATCH POSITIONS BETWEEN NAT AND EVOL (NO WINDOW) : 70
MATCH POSITIONS  : [[84.0, 87.0, 0.888334, 0.162643], [30.0, 33.0, 0.887762, 0.90291], [58.0, 73.0, 0.869908, 0.0791], [77.0, 87.0, 0.835001, 0.105832], [21.0, 52.0, 0.821692, 0.217723], [36.0, 76.0, 0.792189, 0.057219], [77.0, 84.0, 0.67932, 0.07839], [93.0, 96.0, 0.673757, 0.36669], [26.0, 57.0, 0.63135, 0.082295], [6.0, 9.0, 0.62223, 0.084763], [81.0, 83.0, 0.573394, 0.055507], [23.0, 79.0, 0.5712, 0.056704], [57.0, 60.0, 0.519602, 0.151769], [9.0, 13.0, 0.517016, 0.747546], [5.0, 9.0, 0.502559, 0.080061], [40.0, 53.0, 0.49725, 0.057226], [7.0, 64.0, 0.484828, 0.124514], [32.0, 35.0, 0.482924, 0.847741], [25.0, 58.0, 0.469072, 0.057833], [77.0, 79.0, 0.446703, 0.067773], [79.0, 84.0, 0.436692, 0.073374], [18.0, 19.0, 0.427397, 0.056491], [20.0, 80.0, 0.426937, 0.057526], [94.0, 98.0, 0.392228, 0.875114], [6.0, 8.0, 0.382076, 0.387463], [57.0, 59.0, 0.381376, 0.737156], [56.0, 61.0, 0.36824, 0.064484], [5.0, 13.0, 0.352347, 0.111952], [28.0, 59.0, 0.344973, 0.903951], [36.0, 39.0, 0.344671, 0.05626], [22.0, 78.0, 0.335064, 0.057521], [44.0, 53.0, 0.326652, 0.08704], [61.0, 64.0, 0.325832, 0.063164], [76.0, 88.0, 0.307718, 0.060053], [29.0, 59.0, 0.302498, 0.219877], [26.0, 73.0, 0.301368, 0.059174], [56.0, 64.0, 0.294667, 0.083214], [88.0, 92.0, 0.28409, 0.061105], [75.0, 77.0, 0.276181, 0.084493], [22.0, 76.0, 0.266997, 0.057332], [96.0, 99.0, 0.257913, 0.803228], [12.0, 16.0, 0.252805, 0.741444], [93.0, 95.0, 0.247352, 0.227367], [47.0, 98.0, 0.240901, 0.775576], [36.0, 38.0, 0.235151, 0.112173], [24.0, 40.0, 0.231648, 0.065484], [7.0, 61.0, 0.227982, 0.822026], [73.0, 75.0, 0.227876, 0.101224], [51.0, 53.0, 0.227821, 0.061503], [14.0, 21.0, 0.22143, 0.06951], [5.0, 54.0, 0.215239, 0.058883], [92.0, 96.0, 0.19299, 0.064444], [10.0, 14.0, 0.18993, 0.063553], [40.0, 76.0, 0.177856, 0.055668], [43.0, 97.0, 0.171939, 0.064495], [6.0, 61.0, 0.169848, 0.060981], [39.0, 43.0, 0.167587, 0.063079], [36.0, 74.0, 0.165374, 0.082452], [25.0, 64.0, 0.162458, 0.089532], [78.0, 100.0, 0.160967, 0.064675], [100.0, 104.0, 0.157195, 0.061923], [14.0, 17.0, 0.155704, 0.060246], [21.0, 23.0, 0.153332, 0.055203], [7.0, 67.0, 0.148767, 0.116864], [86.0, 100.0, 0.146993, 0.291064], [36.0, 37.0, 0.146039, 0.058127], [58.0, 61.0, 0.144393, 0.063512], [27.0, 34.0, 0.141198, 0.201001], [10.0, 15.0, 0.129184, 0.063794], [42.0, 46.0, 0.12758, 0.102396]]
MATCH POSITIONS CONTACTS BETWEEN NAT AND EVOL (NO WINDOW) : 66
MATCH POSITIONS CONTACTS  : [[84.0, 87.0, 0.888334, 0.162643], [30.0, 33.0, 0.887762, 0.90291], [58.0, 73.0, 0.869908, 0.0791], [77.0, 87.0, 0.835001, 0.105832], [21.0, 52.0, 0.821692, 0.217723], [36.0, 76.0, 0.792189, 0.057219], [77.0, 84.0, 0.67932, 0.07839], [93.0, 96.0, 0.673757, 0.36669], [26.0, 57.0, 0.63135, 0.082295], [6.0, 9.0, 0.62223, 0.084763], [23.0, 79.0, 0.5712, 0.056704], [57.0, 60.0, 0.519602, 0.151769], [9.0, 13.0, 0.517016, 0.747546], [5.0, 9.0, 0.502559, 0.080061], [40.0, 53.0, 0.49725, 0.057226], [7.0, 64.0, 0.484828, 0.124514], [32.0, 35.0, 0.482924, 0.847741], [25.0, 58.0, 0.469072, 0.057833], [77.0, 79.0, 0.446703, 0.067773], [79.0, 84.0, 0.436692, 0.073374], [20.0, 80.0, 0.426937, 0.057526], [94.0, 98.0, 0.392228, 0.875114], [6.0, 8.0, 0.382076, 0.387463], [57.0, 59.0, 0.381376, 0.737156], [56.0, 61.0, 0.36824, 0.064484], [5.0, 13.0, 0.352347, 0.111952], [28.0, 59.0, 0.344973, 0.903951], [36.0, 39.0, 0.344671, 0.05626], [22.0, 78.0, 0.335064, 0.057521], [44.0, 53.0, 0.326652, 0.08704], [61.0, 64.0, 0.325832, 0.063164], [76.0, 88.0, 0.307718, 0.060053], [29.0, 59.0, 0.302498, 0.219877], [26.0, 73.0, 0.301368, 0.059174], [56.0, 64.0, 0.294667, 0.083214], [88.0, 92.0, 0.28409, 0.061105], [75.0, 77.0, 0.276181, 0.084493], [22.0, 76.0, 0.266997, 0.057332], [96.0, 99.0, 0.257913, 0.803228], [12.0, 16.0, 0.252805, 0.741444], [93.0, 95.0, 0.247352, 0.227367], [47.0, 98.0, 0.240901, 0.775576], [36.0, 38.0, 0.235151, 0.112173], [24.0, 40.0, 0.231648, 0.065484], [7.0, 61.0, 0.227982, 0.822026], [73.0, 75.0, 0.227876, 0.101224], [51.0, 53.0, 0.227821, 0.061503], [14.0, 21.0, 0.22143, 0.06951], [5.0, 54.0, 0.215239, 0.058883], [92.0, 96.0, 0.19299, 0.064444], [10.0, 14.0, 0.18993, 0.063553], [40.0, 76.0, 0.177856, 0.055668], [43.0, 97.0, 0.171939, 0.064495], [6.0, 61.0, 0.169848, 0.060981], [39.0, 43.0, 0.167587, 0.063079], [36.0, 74.0, 0.165374, 0.082452], [25.0, 64.0, 0.162458, 0.089532], [78.0, 100.0, 0.160967, 0.064675], [100.0, 104.0, 0.157195, 0.061923], [14.0, 17.0, 0.155704, 0.060246], [21.0, 23.0, 0.153332, 0.055203], [7.0, 67.0, 0.148767, 0.116864], [86.0, 100.0, 0.146993, 0.291064], [58.0, 61.0, 0.144393, 0.063512], [10.0, 15.0, 0.129184, 0.063794], [42.0, 46.0, 0.12758, 0.102396]]
************************************************************************
