/home/jcorvi/esmsagen_data/THIO_ECOLI_4_107_CONFORMERS/1XOA_M17/curated_sequences/PSICOV
 SPEARMAN RANK CORRELATION 0.0552354655139
TOP : 0.5% PAR POSITIONS : 26.0
NATURAL CONTACTS QUANTITY : 18 - %69.2307692308
EVOL CONTACTS QUANTITY : 19 - %73.0769230769
MATCH POSITIONS BETWEEN NAT AND EVOL (NO WINDOW) : 1
MATCH POSITIONS  : [[30.0, 33.0, 0.887762, 0.903951]]
MATCH POSITIONS CONTACTS BETWEEN NAT AND EVOL (NO WINDOW) : 1
MATCH POSITIONS CONTACTS  : [[30.0, 33.0, 0.887762, 0.903951]]
************************************************************************
TOP : 1% PAR POSITIONS : 52
NATURAL CONTACTS QUANTITY : 35 - %67
EVOL CONTACTS QUANTITY : 27 - %51
MATCH POSITIONS BETWEEN NAT AND EVOL (NO WINDOW) : 3
MATCH POSITIONS  : [[30.0, 33.0, 0.887762, 0.903951], [28.0, 57.0, 0.569728, 0.900381], [9.0, 13.0, 0.517016, 0.767132]]
MATCH POSITIONS CONTACTS BETWEEN NAT AND EVOL (NO WINDOW) : 3
MATCH POSITIONS CONTACTS  : [[30.0, 33.0, 0.887762, 0.903951], [28.0, 57.0, 0.569728, 0.900381], [9.0, 13.0, 0.517016, 0.767132]]
************************************************************************
TOP : 2% PAR POSITIONS : 105
NATURAL CONTACTS QUANTITY : 68 - %64
EVOL CONTACTS QUANTITY : 66 - %62
MATCH POSITIONS BETWEEN NAT AND EVOL (NO WINDOW) : 22
MATCH POSITIONS  : [[84.0, 87.0, 0.888334, 0.124522], [30.0, 33.0, 0.887762, 0.903951], [77.0, 87.0, 0.835001, 0.083027], [21.0, 52.0, 0.821692, 0.288601], [93.0, 96.0, 0.673757, 0.175995], [6.0, 9.0, 0.62223, 0.093479], [28.0, 57.0, 0.569728, 0.900381], [9.0, 13.0, 0.517016, 0.767132], [5.0, 9.0, 0.502559, 0.08896], [7.0, 64.0, 0.484828, 0.103179], [32.0, 35.0, 0.482924, 0.248731], [94.0, 98.0, 0.392228, 0.734405], [6.0, 8.0, 0.382076, 0.438633], [57.0, 59.0, 0.381376, 0.823577], [5.0, 13.0, 0.352347, 0.089338], [28.0, 59.0, 0.344973, 0.848808], [44.0, 53.0, 0.326652, 0.092693], [29.0, 59.0, 0.302498, 0.181875], [56.0, 64.0, 0.294667, 0.090683], [75.0, 77.0, 0.276181, 0.121938], [96.0, 99.0, 0.257913, 0.819375], [12.0, 16.0, 0.252805, 0.810491]]
MATCH POSITIONS CONTACTS BETWEEN NAT AND EVOL (NO WINDOW) : 22
MATCH POSITIONS CONTACTS  : [[84.0, 87.0, 0.888334, 0.124522], [30.0, 33.0, 0.887762, 0.903951], [77.0, 87.0, 0.835001, 0.083027], [21.0, 52.0, 0.821692, 0.288601], [93.0, 96.0, 0.673757, 0.175995], [6.0, 9.0, 0.62223, 0.093479], [28.0, 57.0, 0.569728, 0.900381], [9.0, 13.0, 0.517016, 0.767132], [5.0, 9.0, 0.502559, 0.08896], [7.0, 64.0, 0.484828, 0.103179], [32.0, 35.0, 0.482924, 0.248731], [94.0, 98.0, 0.392228, 0.734405], [6.0, 8.0, 0.382076, 0.438633], [57.0, 59.0, 0.381376, 0.823577], [5.0, 13.0, 0.352347, 0.089338], [28.0, 59.0, 0.344973, 0.848808], [44.0, 53.0, 0.326652, 0.092693], [29.0, 59.0, 0.302498, 0.181875], [56.0, 64.0, 0.294667, 0.090683], [75.0, 77.0, 0.276181, 0.121938], [96.0, 99.0, 0.257913, 0.819375], [12.0, 16.0, 0.252805, 0.810491]]
************************************************************************
TOP : 3% PAR POSITIONS : 158
NATURAL CONTACTS QUANTITY : 86 - %54
EVOL CONTACTS QUANTITY : 103 - %65
MATCH POSITIONS BETWEEN NAT AND EVOL (NO WINDOW) : 41
MATCH POSITIONS  : [[84.0, 87.0, 0.888334, 0.124522], [30.0, 33.0, 0.887762, 0.903951], [58.0, 73.0, 0.869908, 0.074486], [77.0, 87.0, 0.835001, 0.083027], [21.0, 52.0, 0.821692, 0.288601], [36.0, 76.0, 0.792189, 0.08088], [77.0, 84.0, 0.67932, 0.073542], [93.0, 96.0, 0.673757, 0.175995], [6.0, 9.0, 0.62223, 0.093479], [28.0, 57.0, 0.569728, 0.900381], [57.0, 60.0, 0.519602, 0.075295], [9.0, 13.0, 0.517016, 0.767132], [5.0, 9.0, 0.502559, 0.08896], [7.0, 64.0, 0.484828, 0.103179], [32.0, 35.0, 0.482924, 0.248731], [20.0, 80.0, 0.426937, 0.06536], [94.0, 98.0, 0.392228, 0.734405], [6.0, 8.0, 0.382076, 0.438633], [57.0, 59.0, 0.381376, 0.823577], [56.0, 61.0, 0.36824, 0.07091], [5.0, 13.0, 0.352347, 0.089338], [28.0, 59.0, 0.344973, 0.848808], [36.0, 39.0, 0.344671, 0.073657], [44.0, 53.0, 0.326652, 0.092693], [61.0, 64.0, 0.325832, 0.066846], [29.0, 59.0, 0.302498, 0.181875], [56.0, 64.0, 0.294667, 0.090683], [43.0, 53.0, 0.289003, 0.066334], [75.0, 77.0, 0.276181, 0.121938], [96.0, 99.0, 0.257913, 0.819375], [12.0, 16.0, 0.252805, 0.810491], [93.0, 95.0, 0.247352, 0.222507], [47.0, 98.0, 0.240901, 0.533971], [36.0, 38.0, 0.235151, 0.083501], [31.0, 35.0, 0.23235, 0.556762], [24.0, 40.0, 0.231648, 0.064955], [7.0, 61.0, 0.227982, 0.806221], [73.0, 75.0, 0.227876, 0.253072], [51.0, 53.0, 0.227821, 0.067147], [14.0, 21.0, 0.22143, 0.070287], [92.0, 96.0, 0.19299, 0.066402]]
MATCH POSITIONS CONTACTS BETWEEN NAT AND EVOL (NO WINDOW) : 41
MATCH POSITIONS CONTACTS  : [[84.0, 87.0, 0.888334, 0.124522], [30.0, 33.0, 0.887762, 0.903951], [58.0, 73.0, 0.869908, 0.074486], [77.0, 87.0, 0.835001, 0.083027], [21.0, 52.0, 0.821692, 0.288601], [36.0, 76.0, 0.792189, 0.08088], [77.0, 84.0, 0.67932, 0.073542], [93.0, 96.0, 0.673757, 0.175995], [6.0, 9.0, 0.62223, 0.093479], [28.0, 57.0, 0.569728, 0.900381], [57.0, 60.0, 0.519602, 0.075295], [9.0, 13.0, 0.517016, 0.767132], [5.0, 9.0, 0.502559, 0.08896], [7.0, 64.0, 0.484828, 0.103179], [32.0, 35.0, 0.482924, 0.248731], [20.0, 80.0, 0.426937, 0.06536], [94.0, 98.0, 0.392228, 0.734405], [6.0, 8.0, 0.382076, 0.438633], [57.0, 59.0, 0.381376, 0.823577], [56.0, 61.0, 0.36824, 0.07091], [5.0, 13.0, 0.352347, 0.089338], [28.0, 59.0, 0.344973, 0.848808], [36.0, 39.0, 0.344671, 0.073657], [44.0, 53.0, 0.326652, 0.092693], [61.0, 64.0, 0.325832, 0.066846], [29.0, 59.0, 0.302498, 0.181875], [56.0, 64.0, 0.294667, 0.090683], [43.0, 53.0, 0.289003, 0.066334], [75.0, 77.0, 0.276181, 0.121938], [96.0, 99.0, 0.257913, 0.819375], [12.0, 16.0, 0.252805, 0.810491], [93.0, 95.0, 0.247352, 0.222507], [47.0, 98.0, 0.240901, 0.533971], [36.0, 38.0, 0.235151, 0.083501], [31.0, 35.0, 0.23235, 0.556762], [24.0, 40.0, 0.231648, 0.064955], [7.0, 61.0, 0.227982, 0.806221], [73.0, 75.0, 0.227876, 0.253072], [51.0, 53.0, 0.227821, 0.067147], [14.0, 21.0, 0.22143, 0.070287], [92.0, 96.0, 0.19299, 0.066402]]
************************************************************************
TOP : 4% PAR POSITIONS : 211
NATURAL CONTACTS QUANTITY : 104 - %49
EVOL CONTACTS QUANTITY : 131 - %62
MATCH POSITIONS BETWEEN NAT AND EVOL (NO WINDOW) : 65
MATCH POSITIONS  : [[84.0, 87.0, 0.888334, 0.124522], [30.0, 33.0, 0.887762, 0.903951], [58.0, 73.0, 0.869908, 0.074486], [77.0, 87.0, 0.835001, 0.083027], [21.0, 52.0, 0.821692, 0.288601], [36.0, 76.0, 0.792189, 0.08088], [77.0, 84.0, 0.67932, 0.073542], [93.0, 96.0, 0.673757, 0.175995], [6.0, 9.0, 0.62223, 0.093479], [23.0, 79.0, 0.5712, 0.059144], [28.0, 57.0, 0.569728, 0.900381], [57.0, 60.0, 0.519602, 0.075295], [9.0, 13.0, 0.517016, 0.767132], [5.0, 9.0, 0.502559, 0.08896], [40.0, 53.0, 0.49725, 0.059637], [7.0, 64.0, 0.484828, 0.103179], [32.0, 35.0, 0.482924, 0.248731], [22.0, 40.0, 0.454452, 0.059502], [77.0, 79.0, 0.446703, 0.058577], [79.0, 84.0, 0.436692, 0.062502], [20.0, 80.0, 0.426937, 0.06536], [94.0, 98.0, 0.392228, 0.734405], [6.0, 8.0, 0.382076, 0.438633], [57.0, 59.0, 0.381376, 0.823577], [56.0, 61.0, 0.36824, 0.07091], [5.0, 13.0, 0.352347, 0.089338], [28.0, 59.0, 0.344973, 0.848808], [36.0, 39.0, 0.344671, 0.073657], [22.0, 78.0, 0.335064, 0.060571], [44.0, 53.0, 0.326652, 0.092693], [61.0, 64.0, 0.325832, 0.066846], [29.0, 59.0, 0.302498, 0.181875], [26.0, 73.0, 0.301368, 0.060873], [56.0, 64.0, 0.294667, 0.090683], [43.0, 53.0, 0.289003, 0.066334], [75.0, 77.0, 0.276181, 0.121938], [22.0, 76.0, 0.266997, 0.057446], [96.0, 99.0, 0.257913, 0.819375], [12.0, 16.0, 0.252805, 0.810491], [93.0, 95.0, 0.247352, 0.222507], [47.0, 98.0, 0.240901, 0.533971], [36.0, 38.0, 0.235151, 0.083501], [31.0, 35.0, 0.23235, 0.556762], [24.0, 40.0, 0.231648, 0.064955], [7.0, 61.0, 0.227982, 0.806221], [73.0, 75.0, 0.227876, 0.253072], [51.0, 53.0, 0.227821, 0.067147], [14.0, 21.0, 0.22143, 0.070287], [92.0, 96.0, 0.19299, 0.066402], [10.0, 14.0, 0.18993, 0.058161], [40.0, 76.0, 0.177856, 0.059976], [80.0, 85.0, 0.174167, 0.14813], [43.0, 97.0, 0.171939, 0.0714], [6.0, 61.0, 0.169848, 0.0626], [39.0, 43.0, 0.167587, 0.060382], [36.0, 74.0, 0.165374, 0.092333], [25.0, 64.0, 0.162458, 0.108268], [10.0, 23.0, 0.162107, 0.074897], [78.0, 100.0, 0.160967, 0.069201], [18.0, 81.0, 0.158948, 0.903842], [100.0, 104.0, 0.157195, 0.067514], [14.0, 17.0, 0.155704, 0.058109], [21.0, 23.0, 0.153332, 0.057897], [7.0, 67.0, 0.148767, 0.903204], [86.0, 100.0, 0.146993, 0.314456]]
MATCH POSITIONS CONTACTS BETWEEN NAT AND EVOL (NO WINDOW) : 65
MATCH POSITIONS CONTACTS  : [[84.0, 87.0, 0.888334, 0.124522], [30.0, 33.0, 0.887762, 0.903951], [58.0, 73.0, 0.869908, 0.074486], [77.0, 87.0, 0.835001, 0.083027], [21.0, 52.0, 0.821692, 0.288601], [36.0, 76.0, 0.792189, 0.08088], [77.0, 84.0, 0.67932, 0.073542], [93.0, 96.0, 0.673757, 0.175995], [6.0, 9.0, 0.62223, 0.093479], [23.0, 79.0, 0.5712, 0.059144], [28.0, 57.0, 0.569728, 0.900381], [57.0, 60.0, 0.519602, 0.075295], [9.0, 13.0, 0.517016, 0.767132], [5.0, 9.0, 0.502559, 0.08896], [40.0, 53.0, 0.49725, 0.059637], [7.0, 64.0, 0.484828, 0.103179], [32.0, 35.0, 0.482924, 0.248731], [22.0, 40.0, 0.454452, 0.059502], [77.0, 79.0, 0.446703, 0.058577], [79.0, 84.0, 0.436692, 0.062502], [20.0, 80.0, 0.426937, 0.06536], [94.0, 98.0, 0.392228, 0.734405], [6.0, 8.0, 0.382076, 0.438633], [57.0, 59.0, 0.381376, 0.823577], [56.0, 61.0, 0.36824, 0.07091], [5.0, 13.0, 0.352347, 0.089338], [28.0, 59.0, 0.344973, 0.848808], [36.0, 39.0, 0.344671, 0.073657], [22.0, 78.0, 0.335064, 0.060571], [44.0, 53.0, 0.326652, 0.092693], [61.0, 64.0, 0.325832, 0.066846], [29.0, 59.0, 0.302498, 0.181875], [26.0, 73.0, 0.301368, 0.060873], [56.0, 64.0, 0.294667, 0.090683], [43.0, 53.0, 0.289003, 0.066334], [75.0, 77.0, 0.276181, 0.121938], [22.0, 76.0, 0.266997, 0.057446], [96.0, 99.0, 0.257913, 0.819375], [12.0, 16.0, 0.252805, 0.810491], [93.0, 95.0, 0.247352, 0.222507], [47.0, 98.0, 0.240901, 0.533971], [36.0, 38.0, 0.235151, 0.083501], [31.0, 35.0, 0.23235, 0.556762], [24.0, 40.0, 0.231648, 0.064955], [7.0, 61.0, 0.227982, 0.806221], [73.0, 75.0, 0.227876, 0.253072], [51.0, 53.0, 0.227821, 0.067147], [14.0, 21.0, 0.22143, 0.070287], [92.0, 96.0, 0.19299, 0.066402], [10.0, 14.0, 0.18993, 0.058161], [40.0, 76.0, 0.177856, 0.059976], [80.0, 85.0, 0.174167, 0.14813], [43.0, 97.0, 0.171939, 0.0714], [6.0, 61.0, 0.169848, 0.0626], [39.0, 43.0, 0.167587, 0.060382], [36.0, 74.0, 0.165374, 0.092333], [25.0, 64.0, 0.162458, 0.108268], [10.0, 23.0, 0.162107, 0.074897], [78.0, 100.0, 0.160967, 0.069201], [18.0, 81.0, 0.158948, 0.903842], [100.0, 104.0, 0.157195, 0.067514], [14.0, 17.0, 0.155704, 0.058109], [21.0, 23.0, 0.153332, 0.057897], [7.0, 67.0, 0.148767, 0.903204], [86.0, 100.0, 0.146993, 0.314456]]
************************************************************************
TOP : 5% PAR POSITIONS : 264
NATURAL CONTACTS QUANTITY : 115 - %43
EVOL CONTACTS QUANTITY : 141 - %53
MATCH POSITIONS BETWEEN NAT AND EVOL (NO WINDOW) : 72
MATCH POSITIONS  : [[84.0, 87.0, 0.888334, 0.124522], [30.0, 33.0, 0.887762, 0.903951], [58.0, 73.0, 0.869908, 0.074486], [77.0, 87.0, 0.835001, 0.083027], [21.0, 52.0, 0.821692, 0.288601], [36.0, 76.0, 0.792189, 0.08088], [77.0, 84.0, 0.67932, 0.073542], [93.0, 96.0, 0.673757, 0.175995], [6.0, 9.0, 0.62223, 0.093479], [23.0, 79.0, 0.5712, 0.059144], [28.0, 57.0, 0.569728, 0.900381], [57.0, 60.0, 0.519602, 0.075295], [9.0, 13.0, 0.517016, 0.767132], [5.0, 9.0, 0.502559, 0.08896], [40.0, 53.0, 0.49725, 0.059637], [7.0, 64.0, 0.484828, 0.103179], [32.0, 35.0, 0.482924, 0.248731], [25.0, 58.0, 0.469072, 0.055501], [22.0, 40.0, 0.454452, 0.059502], [77.0, 79.0, 0.446703, 0.058577], [79.0, 84.0, 0.436692, 0.062502], [22.0, 53.0, 0.430055, 0.05728], [20.0, 80.0, 0.426937, 0.06536], [94.0, 98.0, 0.392228, 0.734405], [6.0, 8.0, 0.382076, 0.438633], [57.0, 59.0, 0.381376, 0.823577], [56.0, 61.0, 0.36824, 0.07091], [5.0, 13.0, 0.352347, 0.089338], [28.0, 59.0, 0.344973, 0.848808], [36.0, 39.0, 0.344671, 0.073657], [22.0, 78.0, 0.335064, 0.060571], [44.0, 53.0, 0.326652, 0.092693], [61.0, 64.0, 0.325832, 0.066846], [29.0, 59.0, 0.302498, 0.181875], [26.0, 73.0, 0.301368, 0.060873], [56.0, 64.0, 0.294667, 0.090683], [43.0, 53.0, 0.289003, 0.066334], [75.0, 77.0, 0.276181, 0.121938], [22.0, 76.0, 0.266997, 0.057446], [96.0, 99.0, 0.257913, 0.819375], [12.0, 16.0, 0.252805, 0.810491], [93.0, 95.0, 0.247352, 0.222507], [47.0, 98.0, 0.240901, 0.533971], [36.0, 38.0, 0.235151, 0.083501], [31.0, 35.0, 0.23235, 0.556762], [24.0, 40.0, 0.231648, 0.064955], [7.0, 61.0, 0.227982, 0.806221], [73.0, 75.0, 0.227876, 0.253072], [51.0, 53.0, 0.227821, 0.067147], [14.0, 21.0, 0.22143, 0.070287], [92.0, 96.0, 0.19299, 0.066402], [10.0, 14.0, 0.18993, 0.058161], [40.0, 76.0, 0.177856, 0.059976], [80.0, 85.0, 0.174167, 0.14813], [43.0, 97.0, 0.171939, 0.0714], [6.0, 61.0, 0.169848, 0.0626], [39.0, 43.0, 0.167587, 0.060382], [36.0, 74.0, 0.165374, 0.092333], [25.0, 64.0, 0.162458, 0.108268], [10.0, 23.0, 0.162107, 0.074897], [78.0, 100.0, 0.160967, 0.069201], [18.0, 81.0, 0.158948, 0.903842], [100.0, 104.0, 0.157195, 0.067514], [14.0, 17.0, 0.155704, 0.058109], [21.0, 23.0, 0.153332, 0.057897], [7.0, 67.0, 0.148767, 0.903204], [86.0, 100.0, 0.146993, 0.314456], [5.0, 23.0, 0.145298, 0.058571], [58.0, 61.0, 0.144393, 0.055803], [27.0, 34.0, 0.141198, 0.328728], [10.0, 15.0, 0.129184, 0.076309], [42.0, 46.0, 0.12758, 0.183883]]
MATCH POSITIONS CONTACTS BETWEEN NAT AND EVOL (NO WINDOW) : 71
MATCH POSITIONS CONTACTS  : [[84.0, 87.0, 0.888334, 0.124522], [30.0, 33.0, 0.887762, 0.903951], [58.0, 73.0, 0.869908, 0.074486], [77.0, 87.0, 0.835001, 0.083027], [21.0, 52.0, 0.821692, 0.288601], [36.0, 76.0, 0.792189, 0.08088], [77.0, 84.0, 0.67932, 0.073542], [93.0, 96.0, 0.673757, 0.175995], [6.0, 9.0, 0.62223, 0.093479], [23.0, 79.0, 0.5712, 0.059144], [28.0, 57.0, 0.569728, 0.900381], [57.0, 60.0, 0.519602, 0.075295], [9.0, 13.0, 0.517016, 0.767132], [5.0, 9.0, 0.502559, 0.08896], [40.0, 53.0, 0.49725, 0.059637], [7.0, 64.0, 0.484828, 0.103179], [32.0, 35.0, 0.482924, 0.248731], [25.0, 58.0, 0.469072, 0.055501], [22.0, 40.0, 0.454452, 0.059502], [77.0, 79.0, 0.446703, 0.058577], [79.0, 84.0, 0.436692, 0.062502], [22.0, 53.0, 0.430055, 0.05728], [20.0, 80.0, 0.426937, 0.06536], [94.0, 98.0, 0.392228, 0.734405], [6.0, 8.0, 0.382076, 0.438633], [57.0, 59.0, 0.381376, 0.823577], [56.0, 61.0, 0.36824, 0.07091], [5.0, 13.0, 0.352347, 0.089338], [28.0, 59.0, 0.344973, 0.848808], [36.0, 39.0, 0.344671, 0.073657], [22.0, 78.0, 0.335064, 0.060571], [44.0, 53.0, 0.326652, 0.092693], [61.0, 64.0, 0.325832, 0.066846], [29.0, 59.0, 0.302498, 0.181875], [26.0, 73.0, 0.301368, 0.060873], [56.0, 64.0, 0.294667, 0.090683], [43.0, 53.0, 0.289003, 0.066334], [75.0, 77.0, 0.276181, 0.121938], [22.0, 76.0, 0.266997, 0.057446], [96.0, 99.0, 0.257913, 0.819375], [12.0, 16.0, 0.252805, 0.810491], [93.0, 95.0, 0.247352, 0.222507], [47.0, 98.0, 0.240901, 0.533971], [36.0, 38.0, 0.235151, 0.083501], [31.0, 35.0, 0.23235, 0.556762], [24.0, 40.0, 0.231648, 0.064955], [7.0, 61.0, 0.227982, 0.806221], [73.0, 75.0, 0.227876, 0.253072], [51.0, 53.0, 0.227821, 0.067147], [14.0, 21.0, 0.22143, 0.070287], [92.0, 96.0, 0.19299, 0.066402], [10.0, 14.0, 0.18993, 0.058161], [40.0, 76.0, 0.177856, 0.059976], [80.0, 85.0, 0.174167, 0.14813], [43.0, 97.0, 0.171939, 0.0714], [6.0, 61.0, 0.169848, 0.0626], [39.0, 43.0, 0.167587, 0.060382], [36.0, 74.0, 0.165374, 0.092333], [25.0, 64.0, 0.162458, 0.108268], [10.0, 23.0, 0.162107, 0.074897], [78.0, 100.0, 0.160967, 0.069201], [18.0, 81.0, 0.158948, 0.903842], [100.0, 104.0, 0.157195, 0.067514], [14.0, 17.0, 0.155704, 0.058109], [21.0, 23.0, 0.153332, 0.057897], [7.0, 67.0, 0.148767, 0.903204], [86.0, 100.0, 0.146993, 0.314456], [5.0, 23.0, 0.145298, 0.058571], [58.0, 61.0, 0.144393, 0.055803], [10.0, 15.0, 0.129184, 0.076309], [42.0, 46.0, 0.12758, 0.183883]]
************************************************************************
