/home/jcorvi/esmsagen_data/THIO_ECOLI_4_107_CONFORMERS/2TRX/curated_sequences/PSICOV
 SPEARMAN RANK CORRELATION 0.0806343773006
TOP : 0.5% PAR POSITIONS : 26.0
NATURAL CONTACTS QUANTITY : 17 - %65.3846153846
EVOL CONTACTS QUANTITY : 26 - %100.0
MATCH POSITIONS BETWEEN NAT AND EVOL (NO WINDOW) : 2
MATCH POSITIONS  : [[84.0, 87.0, 0.888334, 0.388264], [21.0, 52.0, 0.821692, 0.307232]]
MATCH POSITIONS CONTACTS BETWEEN NAT AND EVOL (NO WINDOW) : 2
MATCH POSITIONS CONTACTS  : [[84.0, 87.0, 0.888334, 0.388264], [21.0, 52.0, 0.821692, 0.307232]]
************************************************************************
TOP : 1% PAR POSITIONS : 52
NATURAL CONTACTS QUANTITY : 33 - %63
EVOL CONTACTS QUANTITY : 52 - %100
MATCH POSITIONS BETWEEN NAT AND EVOL (NO WINDOW) : 12
MATCH POSITIONS  : [[84.0, 87.0, 0.888334, 0.388264], [58.0, 73.0, 0.869908, 0.104987], [77.0, 87.0, 0.835001, 0.172613], [21.0, 52.0, 0.821692, 0.307232], [36.0, 76.0, 0.792189, 0.121831], [26.0, 28.0, 0.679715, 0.182514], [6.0, 9.0, 0.62223, 0.108307], [57.0, 60.0, 0.519602, 0.500223], [9.0, 13.0, 0.517016, 0.747739], [5.0, 9.0, 0.502559, 0.130303], [7.0, 64.0, 0.484828, 0.146218], [32.0, 35.0, 0.482924, 0.196064]]
MATCH POSITIONS CONTACTS BETWEEN NAT AND EVOL (NO WINDOW) : 12
MATCH POSITIONS CONTACTS  : [[84.0, 87.0, 0.888334, 0.388264], [58.0, 73.0, 0.869908, 0.104987], [77.0, 87.0, 0.835001, 0.172613], [21.0, 52.0, 0.821692, 0.307232], [36.0, 76.0, 0.792189, 0.121831], [26.0, 28.0, 0.679715, 0.182514], [6.0, 9.0, 0.62223, 0.108307], [57.0, 60.0, 0.519602, 0.500223], [9.0, 13.0, 0.517016, 0.747739], [5.0, 9.0, 0.502559, 0.130303], [7.0, 64.0, 0.484828, 0.146218], [32.0, 35.0, 0.482924, 0.196064]]
************************************************************************
TOP : 2% PAR POSITIONS : 105
NATURAL CONTACTS QUANTITY : 63 - %60
EVOL CONTACTS QUANTITY : 104 - %99
MATCH POSITIONS BETWEEN NAT AND EVOL (NO WINDOW) : 36
MATCH POSITIONS  : [[84.0, 87.0, 0.888334, 0.388264], [58.0, 73.0, 0.869908, 0.104987], [77.0, 87.0, 0.835001, 0.172613], [21.0, 52.0, 0.821692, 0.307232], [36.0, 76.0, 0.792189, 0.121831], [26.0, 28.0, 0.679715, 0.182514], [77.0, 84.0, 0.67932, 0.09618], [93.0, 96.0, 0.673757, 0.097772], [26.0, 57.0, 0.63135, 0.09223], [6.0, 9.0, 0.62223, 0.108307], [57.0, 60.0, 0.519602, 0.500223], [9.0, 13.0, 0.517016, 0.747739], [5.0, 9.0, 0.502559, 0.130303], [40.0, 53.0, 0.49725, 0.067726], [7.0, 64.0, 0.484828, 0.146218], [32.0, 35.0, 0.482924, 0.196064], [25.0, 58.0, 0.469072, 0.06976], [88.0, 100.0, 0.462582, 0.06985], [22.0, 40.0, 0.454452, 0.069631], [79.0, 84.0, 0.436692, 0.080536], [6.0, 8.0, 0.382076, 0.622068], [57.0, 59.0, 0.381376, 0.84699], [56.0, 61.0, 0.36824, 0.146878], [4.0, 6.0, 0.353757, 0.634155], [5.0, 13.0, 0.352347, 0.089035], [36.0, 39.0, 0.344671, 0.074589], [44.0, 53.0, 0.326652, 0.164748], [29.0, 59.0, 0.302498, 0.482356], [56.0, 64.0, 0.294667, 0.097339], [7.0, 63.0, 0.294628, 0.894008], [43.0, 53.0, 0.289003, 0.114227], [88.0, 92.0, 0.28409, 0.080294], [75.0, 77.0, 0.276181, 0.302546], [31.0, 34.0, 0.270922, 0.828645], [22.0, 76.0, 0.266997, 0.067066], [96.0, 99.0, 0.257913, 0.89848]]
MATCH POSITIONS CONTACTS BETWEEN NAT AND EVOL (NO WINDOW) : 36
MATCH POSITIONS CONTACTS  : [[84.0, 87.0, 0.888334, 0.388264], [58.0, 73.0, 0.869908, 0.104987], [77.0, 87.0, 0.835001, 0.172613], [21.0, 52.0, 0.821692, 0.307232], [36.0, 76.0, 0.792189, 0.121831], [26.0, 28.0, 0.679715, 0.182514], [77.0, 84.0, 0.67932, 0.09618], [93.0, 96.0, 0.673757, 0.097772], [26.0, 57.0, 0.63135, 0.09223], [6.0, 9.0, 0.62223, 0.108307], [57.0, 60.0, 0.519602, 0.500223], [9.0, 13.0, 0.517016, 0.747739], [5.0, 9.0, 0.502559, 0.130303], [40.0, 53.0, 0.49725, 0.067726], [7.0, 64.0, 0.484828, 0.146218], [32.0, 35.0, 0.482924, 0.196064], [25.0, 58.0, 0.469072, 0.06976], [88.0, 100.0, 0.462582, 0.06985], [22.0, 40.0, 0.454452, 0.069631], [79.0, 84.0, 0.436692, 0.080536], [6.0, 8.0, 0.382076, 0.622068], [57.0, 59.0, 0.381376, 0.84699], [56.0, 61.0, 0.36824, 0.146878], [4.0, 6.0, 0.353757, 0.634155], [5.0, 13.0, 0.352347, 0.089035], [36.0, 39.0, 0.344671, 0.074589], [44.0, 53.0, 0.326652, 0.164748], [29.0, 59.0, 0.302498, 0.482356], [56.0, 64.0, 0.294667, 0.097339], [7.0, 63.0, 0.294628, 0.894008], [43.0, 53.0, 0.289003, 0.114227], [88.0, 92.0, 0.28409, 0.080294], [75.0, 77.0, 0.276181, 0.302546], [31.0, 34.0, 0.270922, 0.828645], [22.0, 76.0, 0.266997, 0.067066], [96.0, 99.0, 0.257913, 0.89848]]
************************************************************************
TOP : 3% PAR POSITIONS : 158
NATURAL CONTACTS QUANTITY : 80 - %50
EVOL CONTACTS QUANTITY : 125 - %79
MATCH POSITIONS BETWEEN NAT AND EVOL (NO WINDOW) : 52
MATCH POSITIONS  : [[84.0, 87.0, 0.888334, 0.388264], [58.0, 73.0, 0.869908, 0.104987], [77.0, 87.0, 0.835001, 0.172613], [21.0, 52.0, 0.821692, 0.307232], [36.0, 76.0, 0.792189, 0.121831], [26.0, 28.0, 0.679715, 0.182514], [77.0, 84.0, 0.67932, 0.09618], [93.0, 96.0, 0.673757, 0.097772], [26.0, 57.0, 0.63135, 0.09223], [6.0, 9.0, 0.62223, 0.108307], [23.0, 79.0, 0.5712, 0.06614], [57.0, 60.0, 0.519602, 0.500223], [9.0, 13.0, 0.517016, 0.747739], [5.0, 9.0, 0.502559, 0.130303], [40.0, 53.0, 0.49725, 0.067726], [7.0, 64.0, 0.484828, 0.146218], [32.0, 35.0, 0.482924, 0.196064], [25.0, 58.0, 0.469072, 0.06976], [88.0, 100.0, 0.462582, 0.06985], [22.0, 40.0, 0.454452, 0.069631], [77.0, 79.0, 0.446703, 0.061814], [79.0, 84.0, 0.436692, 0.080536], [25.0, 77.0, 0.382743, 0.064265], [6.0, 8.0, 0.382076, 0.622068], [57.0, 59.0, 0.381376, 0.84699], [56.0, 61.0, 0.36824, 0.146878], [4.0, 6.0, 0.353757, 0.634155], [5.0, 13.0, 0.352347, 0.089035], [36.0, 39.0, 0.344671, 0.074589], [44.0, 53.0, 0.326652, 0.164748], [29.0, 59.0, 0.302498, 0.482356], [26.0, 73.0, 0.301368, 0.064305], [56.0, 64.0, 0.294667, 0.097339], [7.0, 63.0, 0.294628, 0.894008], [43.0, 53.0, 0.289003, 0.114227], [88.0, 92.0, 0.28409, 0.080294], [75.0, 77.0, 0.276181, 0.302546], [31.0, 34.0, 0.270922, 0.828645], [22.0, 76.0, 0.266997, 0.067066], [96.0, 99.0, 0.257913, 0.89848], [36.0, 40.0, 0.25618, 0.065742], [93.0, 95.0, 0.247352, 0.748811], [36.0, 38.0, 0.235151, 0.085235], [24.0, 40.0, 0.231648, 0.088519], [7.0, 61.0, 0.227982, 0.892425], [51.0, 53.0, 0.227821, 0.062337], [39.0, 42.0, 0.224745, 0.074566], [14.0, 21.0, 0.22143, 0.086348], [29.0, 73.0, 0.205456, 0.059912], [92.0, 96.0, 0.19299, 0.062378], [10.0, 14.0, 0.18993, 0.061286], [23.0, 77.0, 0.187706, 0.068103]]
MATCH POSITIONS CONTACTS BETWEEN NAT AND EVOL (NO WINDOW) : 52
MATCH POSITIONS CONTACTS  : [[84.0, 87.0, 0.888334, 0.388264], [58.0, 73.0, 0.869908, 0.104987], [77.0, 87.0, 0.835001, 0.172613], [21.0, 52.0, 0.821692, 0.307232], [36.0, 76.0, 0.792189, 0.121831], [26.0, 28.0, 0.679715, 0.182514], [77.0, 84.0, 0.67932, 0.09618], [93.0, 96.0, 0.673757, 0.097772], [26.0, 57.0, 0.63135, 0.09223], [6.0, 9.0, 0.62223, 0.108307], [23.0, 79.0, 0.5712, 0.06614], [57.0, 60.0, 0.519602, 0.500223], [9.0, 13.0, 0.517016, 0.747739], [5.0, 9.0, 0.502559, 0.130303], [40.0, 53.0, 0.49725, 0.067726], [7.0, 64.0, 0.484828, 0.146218], [32.0, 35.0, 0.482924, 0.196064], [25.0, 58.0, 0.469072, 0.06976], [88.0, 100.0, 0.462582, 0.06985], [22.0, 40.0, 0.454452, 0.069631], [77.0, 79.0, 0.446703, 0.061814], [79.0, 84.0, 0.436692, 0.080536], [25.0, 77.0, 0.382743, 0.064265], [6.0, 8.0, 0.382076, 0.622068], [57.0, 59.0, 0.381376, 0.84699], [56.0, 61.0, 0.36824, 0.146878], [4.0, 6.0, 0.353757, 0.634155], [5.0, 13.0, 0.352347, 0.089035], [36.0, 39.0, 0.344671, 0.074589], [44.0, 53.0, 0.326652, 0.164748], [29.0, 59.0, 0.302498, 0.482356], [26.0, 73.0, 0.301368, 0.064305], [56.0, 64.0, 0.294667, 0.097339], [7.0, 63.0, 0.294628, 0.894008], [43.0, 53.0, 0.289003, 0.114227], [88.0, 92.0, 0.28409, 0.080294], [75.0, 77.0, 0.276181, 0.302546], [31.0, 34.0, 0.270922, 0.828645], [22.0, 76.0, 0.266997, 0.067066], [96.0, 99.0, 0.257913, 0.89848], [36.0, 40.0, 0.25618, 0.065742], [93.0, 95.0, 0.247352, 0.748811], [36.0, 38.0, 0.235151, 0.085235], [24.0, 40.0, 0.231648, 0.088519], [7.0, 61.0, 0.227982, 0.892425], [51.0, 53.0, 0.227821, 0.062337], [39.0, 42.0, 0.224745, 0.074566], [14.0, 21.0, 0.22143, 0.086348], [29.0, 73.0, 0.205456, 0.059912], [92.0, 96.0, 0.19299, 0.062378], [10.0, 14.0, 0.18993, 0.061286], [23.0, 77.0, 0.187706, 0.068103]]
************************************************************************
TOP : 4% PAR POSITIONS : 211
NATURAL CONTACTS QUANTITY : 96 - %45
EVOL CONTACTS QUANTITY : 132 - %62
MATCH POSITIONS BETWEEN NAT AND EVOL (NO WINDOW) : 66
MATCH POSITIONS  : [[84.0, 87.0, 0.888334, 0.388264], [58.0, 73.0, 0.869908, 0.104987], [77.0, 87.0, 0.835001, 0.172613], [21.0, 52.0, 0.821692, 0.307232], [36.0, 76.0, 0.792189, 0.121831], [26.0, 28.0, 0.679715, 0.182514], [77.0, 84.0, 0.67932, 0.09618], [93.0, 96.0, 0.673757, 0.097772], [26.0, 57.0, 0.63135, 0.09223], [6.0, 9.0, 0.62223, 0.108307], [23.0, 79.0, 0.5712, 0.06614], [57.0, 60.0, 0.519602, 0.500223], [9.0, 13.0, 0.517016, 0.747739], [5.0, 9.0, 0.502559, 0.130303], [40.0, 53.0, 0.49725, 0.067726], [7.0, 64.0, 0.484828, 0.146218], [32.0, 35.0, 0.482924, 0.196064], [25.0, 58.0, 0.469072, 0.06976], [88.0, 100.0, 0.462582, 0.06985], [22.0, 40.0, 0.454452, 0.069631], [77.0, 79.0, 0.446703, 0.061814], [79.0, 84.0, 0.436692, 0.080536], [25.0, 77.0, 0.382743, 0.064265], [6.0, 8.0, 0.382076, 0.622068], [57.0, 59.0, 0.381376, 0.84699], [56.0, 61.0, 0.36824, 0.146878], [4.0, 6.0, 0.353757, 0.634155], [5.0, 13.0, 0.352347, 0.089035], [36.0, 39.0, 0.344671, 0.074589], [44.0, 53.0, 0.326652, 0.164748], [29.0, 59.0, 0.302498, 0.482356], [26.0, 73.0, 0.301368, 0.064305], [56.0, 64.0, 0.294667, 0.097339], [7.0, 63.0, 0.294628, 0.894008], [43.0, 53.0, 0.289003, 0.114227], [88.0, 92.0, 0.28409, 0.080294], [75.0, 77.0, 0.276181, 0.302546], [31.0, 34.0, 0.270922, 0.828645], [22.0, 76.0, 0.266997, 0.067066], [96.0, 99.0, 0.257913, 0.89848], [36.0, 40.0, 0.25618, 0.065742], [93.0, 95.0, 0.247352, 0.748811], [36.0, 38.0, 0.235151, 0.085235], [24.0, 40.0, 0.231648, 0.088519], [7.0, 61.0, 0.227982, 0.892425], [51.0, 53.0, 0.227821, 0.062337], [39.0, 42.0, 0.224745, 0.074566], [14.0, 21.0, 0.22143, 0.086348], [29.0, 73.0, 0.205456, 0.059912], [92.0, 96.0, 0.19299, 0.062378], [10.0, 14.0, 0.18993, 0.061286], [23.0, 77.0, 0.187706, 0.068103], [40.0, 76.0, 0.177856, 0.062718], [36.0, 92.0, 0.177364, 0.102952], [80.0, 85.0, 0.174167, 0.228733], [43.0, 97.0, 0.171939, 0.079352], [6.0, 61.0, 0.169848, 0.091441], [39.0, 43.0, 0.167587, 0.076953], [36.0, 74.0, 0.165374, 0.184185], [25.0, 64.0, 0.162458, 0.164921], [10.0, 23.0, 0.162107, 0.058858], [78.0, 100.0, 0.160967, 0.074111], [25.0, 65.0, 0.160381, 0.069107], [100.0, 104.0, 0.157195, 0.097186], [14.0, 17.0, 0.155704, 0.063092], [21.0, 23.0, 0.153332, 0.067126]]
MATCH POSITIONS CONTACTS BETWEEN NAT AND EVOL (NO WINDOW) : 66
MATCH POSITIONS CONTACTS  : [[84.0, 87.0, 0.888334, 0.388264], [58.0, 73.0, 0.869908, 0.104987], [77.0, 87.0, 0.835001, 0.172613], [21.0, 52.0, 0.821692, 0.307232], [36.0, 76.0, 0.792189, 0.121831], [26.0, 28.0, 0.679715, 0.182514], [77.0, 84.0, 0.67932, 0.09618], [93.0, 96.0, 0.673757, 0.097772], [26.0, 57.0, 0.63135, 0.09223], [6.0, 9.0, 0.62223, 0.108307], [23.0, 79.0, 0.5712, 0.06614], [57.0, 60.0, 0.519602, 0.500223], [9.0, 13.0, 0.517016, 0.747739], [5.0, 9.0, 0.502559, 0.130303], [40.0, 53.0, 0.49725, 0.067726], [7.0, 64.0, 0.484828, 0.146218], [32.0, 35.0, 0.482924, 0.196064], [25.0, 58.0, 0.469072, 0.06976], [88.0, 100.0, 0.462582, 0.06985], [22.0, 40.0, 0.454452, 0.069631], [77.0, 79.0, 0.446703, 0.061814], [79.0, 84.0, 0.436692, 0.080536], [25.0, 77.0, 0.382743, 0.064265], [6.0, 8.0, 0.382076, 0.622068], [57.0, 59.0, 0.381376, 0.84699], [56.0, 61.0, 0.36824, 0.146878], [4.0, 6.0, 0.353757, 0.634155], [5.0, 13.0, 0.352347, 0.089035], [36.0, 39.0, 0.344671, 0.074589], [44.0, 53.0, 0.326652, 0.164748], [29.0, 59.0, 0.302498, 0.482356], [26.0, 73.0, 0.301368, 0.064305], [56.0, 64.0, 0.294667, 0.097339], [7.0, 63.0, 0.294628, 0.894008], [43.0, 53.0, 0.289003, 0.114227], [88.0, 92.0, 0.28409, 0.080294], [75.0, 77.0, 0.276181, 0.302546], [31.0, 34.0, 0.270922, 0.828645], [22.0, 76.0, 0.266997, 0.067066], [96.0, 99.0, 0.257913, 0.89848], [36.0, 40.0, 0.25618, 0.065742], [93.0, 95.0, 0.247352, 0.748811], [36.0, 38.0, 0.235151, 0.085235], [24.0, 40.0, 0.231648, 0.088519], [7.0, 61.0, 0.227982, 0.892425], [51.0, 53.0, 0.227821, 0.062337], [39.0, 42.0, 0.224745, 0.074566], [14.0, 21.0, 0.22143, 0.086348], [29.0, 73.0, 0.205456, 0.059912], [92.0, 96.0, 0.19299, 0.062378], [10.0, 14.0, 0.18993, 0.061286], [23.0, 77.0, 0.187706, 0.068103], [40.0, 76.0, 0.177856, 0.062718], [36.0, 92.0, 0.177364, 0.102952], [80.0, 85.0, 0.174167, 0.228733], [43.0, 97.0, 0.171939, 0.079352], [6.0, 61.0, 0.169848, 0.091441], [39.0, 43.0, 0.167587, 0.076953], [36.0, 74.0, 0.165374, 0.184185], [25.0, 64.0, 0.162458, 0.164921], [10.0, 23.0, 0.162107, 0.058858], [78.0, 100.0, 0.160967, 0.074111], [25.0, 65.0, 0.160381, 0.069107], [100.0, 104.0, 0.157195, 0.097186], [14.0, 17.0, 0.155704, 0.063092], [21.0, 23.0, 0.153332, 0.067126]]
************************************************************************
TOP : 5% PAR POSITIONS : 264
NATURAL CONTACTS QUANTITY : 104 - %39
EVOL CONTACTS QUANTITY : 133 - %50
MATCH POSITIONS BETWEEN NAT AND EVOL (NO WINDOW) : 70
MATCH POSITIONS  : [[84.0, 87.0, 0.888334, 0.388264], [58.0, 73.0, 0.869908, 0.104987], [77.0, 87.0, 0.835001, 0.172613], [21.0, 52.0, 0.821692, 0.307232], [36.0, 76.0, 0.792189, 0.121831], [26.0, 28.0, 0.679715, 0.182514], [77.0, 84.0, 0.67932, 0.09618], [93.0, 96.0, 0.673757, 0.097772], [26.0, 57.0, 0.63135, 0.09223], [6.0, 9.0, 0.62223, 0.108307], [23.0, 79.0, 0.5712, 0.06614], [57.0, 60.0, 0.519602, 0.500223], [9.0, 13.0, 0.517016, 0.747739], [5.0, 9.0, 0.502559, 0.130303], [40.0, 53.0, 0.49725, 0.067726], [7.0, 64.0, 0.484828, 0.146218], [32.0, 35.0, 0.482924, 0.196064], [25.0, 58.0, 0.469072, 0.06976], [88.0, 100.0, 0.462582, 0.06985], [22.0, 40.0, 0.454452, 0.069631], [77.0, 79.0, 0.446703, 0.061814], [79.0, 84.0, 0.436692, 0.080536], [25.0, 77.0, 0.382743, 0.064265], [6.0, 8.0, 0.382076, 0.622068], [57.0, 59.0, 0.381376, 0.84699], [56.0, 61.0, 0.36824, 0.146878], [4.0, 6.0, 0.353757, 0.634155], [5.0, 13.0, 0.352347, 0.089035], [36.0, 39.0, 0.344671, 0.074589], [44.0, 53.0, 0.326652, 0.164748], [24.0, 26.0, 0.315097, 0.056508], [29.0, 59.0, 0.302498, 0.482356], [26.0, 73.0, 0.301368, 0.064305], [56.0, 64.0, 0.294667, 0.097339], [7.0, 63.0, 0.294628, 0.894008], [43.0, 53.0, 0.289003, 0.114227], [88.0, 92.0, 0.28409, 0.080294], [75.0, 77.0, 0.276181, 0.302546], [31.0, 34.0, 0.270922, 0.828645], [22.0, 76.0, 0.266997, 0.067066], [96.0, 99.0, 0.257913, 0.89848], [36.0, 40.0, 0.25618, 0.065742], [93.0, 95.0, 0.247352, 0.748811], [36.0, 38.0, 0.235151, 0.085235], [24.0, 40.0, 0.231648, 0.088519], [7.0, 61.0, 0.227982, 0.892425], [51.0, 53.0, 0.227821, 0.062337], [39.0, 42.0, 0.224745, 0.074566], [14.0, 21.0, 0.22143, 0.086348], [29.0, 73.0, 0.205456, 0.059912], [92.0, 96.0, 0.19299, 0.062378], [10.0, 14.0, 0.18993, 0.061286], [23.0, 77.0, 0.187706, 0.068103], [40.0, 76.0, 0.177856, 0.062718], [36.0, 92.0, 0.177364, 0.102952], [80.0, 85.0, 0.174167, 0.228733], [43.0, 97.0, 0.171939, 0.079352], [6.0, 61.0, 0.169848, 0.091441], [39.0, 43.0, 0.167587, 0.076953], [36.0, 74.0, 0.165374, 0.184185], [25.0, 64.0, 0.162458, 0.164921], [10.0, 23.0, 0.162107, 0.058858], [78.0, 100.0, 0.160967, 0.074111], [25.0, 65.0, 0.160381, 0.069107], [100.0, 104.0, 0.157195, 0.097186], [14.0, 17.0, 0.155704, 0.063092], [21.0, 23.0, 0.153332, 0.067126], [23.0, 25.0, 0.129242, 0.060327], [10.0, 15.0, 0.129184, 0.058843], [25.0, 56.0, 0.126889, 0.057536]]
MATCH POSITIONS CONTACTS BETWEEN NAT AND EVOL (NO WINDOW) : 70
MATCH POSITIONS CONTACTS  : [[84.0, 87.0, 0.888334, 0.388264], [58.0, 73.0, 0.869908, 0.104987], [77.0, 87.0, 0.835001, 0.172613], [21.0, 52.0, 0.821692, 0.307232], [36.0, 76.0, 0.792189, 0.121831], [26.0, 28.0, 0.679715, 0.182514], [77.0, 84.0, 0.67932, 0.09618], [93.0, 96.0, 0.673757, 0.097772], [26.0, 57.0, 0.63135, 0.09223], [6.0, 9.0, 0.62223, 0.108307], [23.0, 79.0, 0.5712, 0.06614], [57.0, 60.0, 0.519602, 0.500223], [9.0, 13.0, 0.517016, 0.747739], [5.0, 9.0, 0.502559, 0.130303], [40.0, 53.0, 0.49725, 0.067726], [7.0, 64.0, 0.484828, 0.146218], [32.0, 35.0, 0.482924, 0.196064], [25.0, 58.0, 0.469072, 0.06976], [88.0, 100.0, 0.462582, 0.06985], [22.0, 40.0, 0.454452, 0.069631], [77.0, 79.0, 0.446703, 0.061814], [79.0, 84.0, 0.436692, 0.080536], [25.0, 77.0, 0.382743, 0.064265], [6.0, 8.0, 0.382076, 0.622068], [57.0, 59.0, 0.381376, 0.84699], [56.0, 61.0, 0.36824, 0.146878], [4.0, 6.0, 0.353757, 0.634155], [5.0, 13.0, 0.352347, 0.089035], [36.0, 39.0, 0.344671, 0.074589], [44.0, 53.0, 0.326652, 0.164748], [24.0, 26.0, 0.315097, 0.056508], [29.0, 59.0, 0.302498, 0.482356], [26.0, 73.0, 0.301368, 0.064305], [56.0, 64.0, 0.294667, 0.097339], [7.0, 63.0, 0.294628, 0.894008], [43.0, 53.0, 0.289003, 0.114227], [88.0, 92.0, 0.28409, 0.080294], [75.0, 77.0, 0.276181, 0.302546], [31.0, 34.0, 0.270922, 0.828645], [22.0, 76.0, 0.266997, 0.067066], [96.0, 99.0, 0.257913, 0.89848], [36.0, 40.0, 0.25618, 0.065742], [93.0, 95.0, 0.247352, 0.748811], [36.0, 38.0, 0.235151, 0.085235], [24.0, 40.0, 0.231648, 0.088519], [7.0, 61.0, 0.227982, 0.892425], [51.0, 53.0, 0.227821, 0.062337], [39.0, 42.0, 0.224745, 0.074566], [14.0, 21.0, 0.22143, 0.086348], [29.0, 73.0, 0.205456, 0.059912], [92.0, 96.0, 0.19299, 0.062378], [10.0, 14.0, 0.18993, 0.061286], [23.0, 77.0, 0.187706, 0.068103], [40.0, 76.0, 0.177856, 0.062718], [36.0, 92.0, 0.177364, 0.102952], [80.0, 85.0, 0.174167, 0.228733], [43.0, 97.0, 0.171939, 0.079352], [6.0, 61.0, 0.169848, 0.091441], [39.0, 43.0, 0.167587, 0.076953], [36.0, 74.0, 0.165374, 0.184185], [25.0, 64.0, 0.162458, 0.164921], [10.0, 23.0, 0.162107, 0.058858], [78.0, 100.0, 0.160967, 0.074111], [25.0, 65.0, 0.160381, 0.069107], [100.0, 104.0, 0.157195, 0.097186], [14.0, 17.0, 0.155704, 0.063092], [21.0, 23.0, 0.153332, 0.067126], [23.0, 25.0, 0.129242, 0.060327], [10.0, 15.0, 0.129184, 0.058843], [25.0, 56.0, 0.126889, 0.057536]]
************************************************************************
