../THIO_ECOLI_4_107/prom/zmip_prom.csv
 SPEARMAN RANK CORRELATION 0.15320325848
TOP : 0.5% PAR POSITIONS : 25.0
NATURAL CONTACTS QUANTITY : 16 - %64.0
EVOL CONTACTS QUANTITY : 25 - %100.0
MATCH POSITIONS BETWEEN NAT AND EVOL (NO WINDOW) : 1
MATCH POSITIONS  : [[32.0, 35.0, 43.59631376315638, 83.0497999248]]
MATCH POSITIONS CONTACTS BETWEEN NAT AND EVOL (NO WINDOW) : 1
MATCH POSITIONS CONTACTS  : [[32.0, 35.0, 43.59631376315638, 83.0497999248]]
************************************************************************
TOP : 1% PAR POSITIONS : 51
NATURAL CONTACTS QUANTITY : 32 - %62
EVOL CONTACTS QUANTITY : 51 - %100
MATCH POSITIONS BETWEEN NAT AND EVOL (NO WINDOW) : 7
MATCH POSITIONS  : [[84.0, 87.0, 71.10008730394497, 30.9973755516], [77.0, 87.0, 61.37238421978006, 21.1746939106], [32.0, 35.0, 43.59631376315638, 83.0497999248], [29.0, 59.0, 35.49970307259947, 47.5551837732], [21.0, 52.0, 34.014934279098064, 38.9287703883], [30.0, 33.0, 30.055649330122968, 22.0715997137], [46.0, 98.0, 28.74929020690338, 42.8360366854]]
MATCH POSITIONS CONTACTS BETWEEN NAT AND EVOL (NO WINDOW) : 7
MATCH POSITIONS CONTACTS  : [[84.0, 87.0, 71.10008730394497, 30.9973755516], [77.0, 87.0, 61.37238421978006, 21.1746939106], [32.0, 35.0, 43.59631376315638, 83.0497999248], [29.0, 59.0, 35.49970307259947, 47.5551837732], [21.0, 52.0, 34.014934279098064, 38.9287703883], [30.0, 33.0, 30.055649330122968, 22.0715997137], [46.0, 98.0, 28.74929020690338, 42.8360366854]]
************************************************************************
TOP : 2% PAR POSITIONS : 103
NATURAL CONTACTS QUANTITY : 60 - %58
EVOL CONTACTS QUANTITY : 94 - %91
MATCH POSITIONS BETWEEN NAT AND EVOL (NO WINDOW) : 25
MATCH POSITIONS  : [[84.0, 87.0, 71.10008730394497, 30.9973755516], [24.0, 55.0, 70.17307445505566, 9.57141118418], [77.0, 87.0, 61.37238421978006, 21.1746939106], [32.0, 91.0, 50.59228984742718, 17.2847428231], [32.0, 35.0, 43.59631376315638, 83.0497999248], [7.0, 64.0, 36.88379157144257, 15.2312540551], [5.0, 9.0, 35.874153246060345, 10.425678186], [29.0, 59.0, 35.49970307259947, 47.5551837732], [77.0, 84.0, 34.35256498193679, 14.6353713772], [21.0, 52.0, 34.014934279098064, 38.9287703883], [42.0, 94.0, 31.617959173345053, 10.8432237508], [30.0, 33.0, 30.055649330122968, 22.0715997137], [46.0, 98.0, 28.74929020690338, 42.8360366854], [56.0, 64.0, 24.221904143032898, 18.1972662367], [44.0, 53.0, 24.07548929218019, 15.8899895805], [80.0, 85.0, 23.199744109517855, 20.0704081444], [31.0, 34.0, 22.984825506409948, 12.3839443668], [93.0, 96.0, 22.708592989946215, 29.1974144801], [7.0, 63.0, 22.1325197228227, 83.2733991423], [7.0, 61.0, 21.857362101268972, 127.801007029], [28.0, 59.0, 21.817763855194173, 43.9319893831], [57.0, 60.0, 21.339253812602852, 40.2020354308], [26.0, 28.0, 20.743368320624317, 9.49295228592], [5.0, 13.0, 20.65931427855164, 10.7914106287], [6.0, 9.0, 20.400087071563632, 33.5049371459]]
MATCH POSITIONS CONTACTS BETWEEN NAT AND EVOL (NO WINDOW) : 25
MATCH POSITIONS CONTACTS  : [[84.0, 87.0, 71.10008730394497, 30.9973755516], [24.0, 55.0, 70.17307445505566, 9.57141118418], [77.0, 87.0, 61.37238421978006, 21.1746939106], [32.0, 91.0, 50.59228984742718, 17.2847428231], [32.0, 35.0, 43.59631376315638, 83.0497999248], [7.0, 64.0, 36.88379157144257, 15.2312540551], [5.0, 9.0, 35.874153246060345, 10.425678186], [29.0, 59.0, 35.49970307259947, 47.5551837732], [77.0, 84.0, 34.35256498193679, 14.6353713772], [21.0, 52.0, 34.014934279098064, 38.9287703883], [42.0, 94.0, 31.617959173345053, 10.8432237508], [30.0, 33.0, 30.055649330122968, 22.0715997137], [46.0, 98.0, 28.74929020690338, 42.8360366854], [56.0, 64.0, 24.221904143032898, 18.1972662367], [44.0, 53.0, 24.07548929218019, 15.8899895805], [80.0, 85.0, 23.199744109517855, 20.0704081444], [31.0, 34.0, 22.984825506409948, 12.3839443668], [93.0, 96.0, 22.708592989946215, 29.1974144801], [7.0, 63.0, 22.1325197228227, 83.2733991423], [7.0, 61.0, 21.857362101268972, 127.801007029], [28.0, 59.0, 21.817763855194173, 43.9319893831], [57.0, 60.0, 21.339253812602852, 40.2020354308], [26.0, 28.0, 20.743368320624317, 9.49295228592], [5.0, 13.0, 20.65931427855164, 10.7914106287], [6.0, 9.0, 20.400087071563632, 33.5049371459]]
************************************************************************
TOP : 3% PAR POSITIONS : 154
NATURAL CONTACTS QUANTITY : 76 - %49
EVOL CONTACTS QUANTITY : 117 - %75
MATCH POSITIONS BETWEEN NAT AND EVOL (NO WINDOW) : 34
MATCH POSITIONS  : [[84.0, 87.0, 71.10008730394497, 30.9973755516], [24.0, 55.0, 70.17307445505566, 9.57141118418], [77.0, 87.0, 61.37238421978006, 21.1746939106], [32.0, 91.0, 50.59228984742718, 17.2847428231], [32.0, 35.0, 43.59631376315638, 83.0497999248], [36.0, 76.0, 37.4854169204615, 8.01712587503], [7.0, 64.0, 36.88379157144257, 15.2312540551], [5.0, 9.0, 35.874153246060345, 10.425678186], [29.0, 59.0, 35.49970307259947, 47.5551837732], [77.0, 84.0, 34.35256498193679, 14.6353713772], [21.0, 52.0, 34.014934279098064, 38.9287703883], [42.0, 94.0, 31.617959173345053, 10.8432237508], [30.0, 33.0, 30.055649330122968, 22.0715997137], [46.0, 98.0, 28.74929020690338, 42.8360366854], [56.0, 64.0, 24.221904143032898, 18.1972662367], [44.0, 53.0, 24.07548929218019, 15.8899895805], [24.0, 40.0, 23.318341873306696, 7.12461550224], [80.0, 85.0, 23.199744109517855, 20.0704081444], [31.0, 34.0, 22.984825506409948, 12.3839443668], [93.0, 96.0, 22.708592989946215, 29.1974144801], [7.0, 63.0, 22.1325197228227, 83.2733991423], [7.0, 61.0, 21.857362101268972, 127.801007029], [28.0, 59.0, 21.817763855194173, 43.9319893831], [57.0, 60.0, 21.339253812602852, 40.2020354308], [22.0, 40.0, 20.744300587369246, 7.13800517984], [26.0, 28.0, 20.743368320624317, 9.49295228592], [5.0, 13.0, 20.65931427855164, 10.7914106287], [6.0, 9.0, 20.400087071563632, 33.5049371459], [22.0, 78.0, 20.343231980217585, 7.13361487519], [9.0, 13.0, 20.040606447066263, 74.0455229248], [87.0, 89.0, 19.299449474695432, 22.286864719], [6.0, 8.0, 17.164892284027736, 112.607799003], [94.0, 98.0, 15.509530919330334, 7.36080651158], [28.0, 57.0, 15.457768053305877, 17.8718792606]]
MATCH POSITIONS CONTACTS BETWEEN NAT AND EVOL (NO WINDOW) : 34
MATCH POSITIONS CONTACTS  : [[84.0, 87.0, 71.10008730394497, 30.9973755516], [24.0, 55.0, 70.17307445505566, 9.57141118418], [77.0, 87.0, 61.37238421978006, 21.1746939106], [32.0, 91.0, 50.59228984742718, 17.2847428231], [32.0, 35.0, 43.59631376315638, 83.0497999248], [36.0, 76.0, 37.4854169204615, 8.01712587503], [7.0, 64.0, 36.88379157144257, 15.2312540551], [5.0, 9.0, 35.874153246060345, 10.425678186], [29.0, 59.0, 35.49970307259947, 47.5551837732], [77.0, 84.0, 34.35256498193679, 14.6353713772], [21.0, 52.0, 34.014934279098064, 38.9287703883], [42.0, 94.0, 31.617959173345053, 10.8432237508], [30.0, 33.0, 30.055649330122968, 22.0715997137], [46.0, 98.0, 28.74929020690338, 42.8360366854], [56.0, 64.0, 24.221904143032898, 18.1972662367], [44.0, 53.0, 24.07548929218019, 15.8899895805], [24.0, 40.0, 23.318341873306696, 7.12461550224], [80.0, 85.0, 23.199744109517855, 20.0704081444], [31.0, 34.0, 22.984825506409948, 12.3839443668], [93.0, 96.0, 22.708592989946215, 29.1974144801], [7.0, 63.0, 22.1325197228227, 83.2733991423], [7.0, 61.0, 21.857362101268972, 127.801007029], [28.0, 59.0, 21.817763855194173, 43.9319893831], [57.0, 60.0, 21.339253812602852, 40.2020354308], [22.0, 40.0, 20.744300587369246, 7.13800517984], [26.0, 28.0, 20.743368320624317, 9.49295228592], [5.0, 13.0, 20.65931427855164, 10.7914106287], [6.0, 9.0, 20.400087071563632, 33.5049371459], [22.0, 78.0, 20.343231980217585, 7.13361487519], [9.0, 13.0, 20.040606447066263, 74.0455229248], [87.0, 89.0, 19.299449474695432, 22.286864719], [6.0, 8.0, 17.164892284027736, 112.607799003], [94.0, 98.0, 15.509530919330334, 7.36080651158], [28.0, 57.0, 15.457768053305877, 17.8718792606]]
************************************************************************
TOP : 4% PAR POSITIONS : 206
NATURAL CONTACTS QUANTITY : 89 - %43
EVOL CONTACTS QUANTITY : 139 - %67
MATCH POSITIONS BETWEEN NAT AND EVOL (NO WINDOW) : 52
MATCH POSITIONS  : [[58.0, 73.0, 89.29784134824642, 6.49966544382], [84.0, 87.0, 71.10008730394497, 30.9973755516], [24.0, 55.0, 70.17307445505566, 9.57141118418], [77.0, 87.0, 61.37238421978006, 21.1746939106], [32.0, 91.0, 50.59228984742718, 17.2847428231], [22.0, 53.0, 44.397865313583736, 6.31905691929], [32.0, 35.0, 43.59631376315638, 83.0497999248], [36.0, 76.0, 37.4854169204615, 8.01712587503], [7.0, 64.0, 36.88379157144257, 15.2312540551], [5.0, 9.0, 35.874153246060345, 10.425678186], [29.0, 59.0, 35.49970307259947, 47.5551837732], [77.0, 84.0, 34.35256498193679, 14.6353713772], [21.0, 52.0, 34.014934279098064, 38.9287703883], [47.0, 98.0, 33.62400851753487, 6.71300566805], [42.0, 94.0, 31.617959173345053, 10.8432237508], [30.0, 33.0, 30.055649330122968, 22.0715997137], [46.0, 98.0, 28.74929020690338, 42.8360366854], [46.0, 94.0, 26.873460404545895, 6.13948890173], [22.0, 76.0, 24.445404725382634, 6.13520665271], [56.0, 64.0, 24.221904143032898, 18.1972662367], [44.0, 53.0, 24.07548929218019, 15.8899895805], [86.0, 100.0, 24.012046557093246, 6.65030153554], [24.0, 40.0, 23.318341873306696, 7.12461550224], [80.0, 85.0, 23.199744109517855, 20.0704081444], [31.0, 34.0, 22.984825506409948, 12.3839443668], [93.0, 96.0, 22.708592989946215, 29.1974144801], [40.0, 53.0, 22.441385787738614, 6.1421684242], [7.0, 63.0, 22.1325197228227, 83.2733991423], [7.0, 61.0, 21.857362101268972, 127.801007029], [28.0, 59.0, 21.817763855194173, 43.9319893831], [57.0, 60.0, 21.339253812602852, 40.2020354308], [22.0, 40.0, 20.744300587369246, 7.13800517984], [26.0, 28.0, 20.743368320624317, 9.49295228592], [5.0, 13.0, 20.65931427855164, 10.7914106287], [6.0, 9.0, 20.400087071563632, 33.5049371459], [22.0, 78.0, 20.343231980217585, 7.13361487519], [9.0, 13.0, 20.040606447066263, 74.0455229248], [87.0, 89.0, 19.299449474695432, 22.286864719], [6.0, 8.0, 17.164892284027736, 112.607799003], [94.0, 98.0, 15.509530919330334, 7.36080651158], [28.0, 57.0, 15.457768053305877, 17.8718792606], [78.0, 100.0, 15.387035953873918, 9.07150726588], [56.0, 61.0, 15.001690027334778, 15.9784657043], [43.0, 53.0, 14.290741336325405, 7.95937718017], [57.0, 59.0, 13.935241616157255, 104.898236962], [34.0, 37.0, 13.926520629524791, 58.6161545379], [12.0, 16.0, 13.588662892173225, 93.811989121], [75.0, 77.0, 13.521480351135928, 23.4020841451], [69.0, 71.0, 13.383333187299273, 18.0243590533], [40.0, 43.0, 12.928728390244327, 7.97274675837], [27.0, 30.0, 12.92324133550614, 7.71286560049], [14.0, 21.0, 12.916024511218534, 9.07705721778]]
MATCH POSITIONS CONTACTS BETWEEN NAT AND EVOL (NO WINDOW) : 52
MATCH POSITIONS CONTACTS  : [[58.0, 73.0, 89.29784134824642, 6.49966544382], [84.0, 87.0, 71.10008730394497, 30.9973755516], [24.0, 55.0, 70.17307445505566, 9.57141118418], [77.0, 87.0, 61.37238421978006, 21.1746939106], [32.0, 91.0, 50.59228984742718, 17.2847428231], [22.0, 53.0, 44.397865313583736, 6.31905691929], [32.0, 35.0, 43.59631376315638, 83.0497999248], [36.0, 76.0, 37.4854169204615, 8.01712587503], [7.0, 64.0, 36.88379157144257, 15.2312540551], [5.0, 9.0, 35.874153246060345, 10.425678186], [29.0, 59.0, 35.49970307259947, 47.5551837732], [77.0, 84.0, 34.35256498193679, 14.6353713772], [21.0, 52.0, 34.014934279098064, 38.9287703883], [47.0, 98.0, 33.62400851753487, 6.71300566805], [42.0, 94.0, 31.617959173345053, 10.8432237508], [30.0, 33.0, 30.055649330122968, 22.0715997137], [46.0, 98.0, 28.74929020690338, 42.8360366854], [46.0, 94.0, 26.873460404545895, 6.13948890173], [22.0, 76.0, 24.445404725382634, 6.13520665271], [56.0, 64.0, 24.221904143032898, 18.1972662367], [44.0, 53.0, 24.07548929218019, 15.8899895805], [86.0, 100.0, 24.012046557093246, 6.65030153554], [24.0, 40.0, 23.318341873306696, 7.12461550224], [80.0, 85.0, 23.199744109517855, 20.0704081444], [31.0, 34.0, 22.984825506409948, 12.3839443668], [93.0, 96.0, 22.708592989946215, 29.1974144801], [40.0, 53.0, 22.441385787738614, 6.1421684242], [7.0, 63.0, 22.1325197228227, 83.2733991423], [7.0, 61.0, 21.857362101268972, 127.801007029], [28.0, 59.0, 21.817763855194173, 43.9319893831], [57.0, 60.0, 21.339253812602852, 40.2020354308], [22.0, 40.0, 20.744300587369246, 7.13800517984], [26.0, 28.0, 20.743368320624317, 9.49295228592], [5.0, 13.0, 20.65931427855164, 10.7914106287], [6.0, 9.0, 20.400087071563632, 33.5049371459], [22.0, 78.0, 20.343231980217585, 7.13361487519], [9.0, 13.0, 20.040606447066263, 74.0455229248], [87.0, 89.0, 19.299449474695432, 22.286864719], [6.0, 8.0, 17.164892284027736, 112.607799003], [94.0, 98.0, 15.509530919330334, 7.36080651158], [28.0, 57.0, 15.457768053305877, 17.8718792606], [78.0, 100.0, 15.387035953873918, 9.07150726588], [56.0, 61.0, 15.001690027334778, 15.9784657043], [43.0, 53.0, 14.290741336325405, 7.95937718017], [57.0, 59.0, 13.935241616157255, 104.898236962], [34.0, 37.0, 13.926520629524791, 58.6161545379], [12.0, 16.0, 13.588662892173225, 93.811989121], [75.0, 77.0, 13.521480351135928, 23.4020841451], [69.0, 71.0, 13.383333187299273, 18.0243590533], [40.0, 43.0, 12.928728390244327, 7.97274675837], [27.0, 30.0, 12.92324133550614, 7.71286560049], [14.0, 21.0, 12.916024511218534, 9.07705721778]]
************************************************************************
TOP : 5% PAR POSITIONS : 257
NATURAL CONTACTS QUANTITY : 104 - %40
EVOL CONTACTS QUANTITY : 151 - %58
MATCH POSITIONS BETWEEN NAT AND EVOL (NO WINDOW) : 72
MATCH POSITIONS  : [[58.0, 73.0, 89.29784134824642, 6.49966544382], [84.0, 87.0, 71.10008730394497, 30.9973755516], [24.0, 55.0, 70.17307445505566, 9.57141118418], [77.0, 87.0, 61.37238421978006, 21.1746939106], [32.0, 91.0, 50.59228984742718, 17.2847428231], [22.0, 53.0, 44.397865313583736, 6.31905691929], [32.0, 35.0, 43.59631376315638, 83.0497999248], [37.0, 55.0, 39.889240412015496, 5.16196759846], [36.0, 76.0, 37.4854169204615, 8.01712587503], [7.0, 64.0, 36.88379157144257, 15.2312540551], [5.0, 9.0, 35.874153246060345, 10.425678186], [29.0, 59.0, 35.49970307259947, 47.5551837732], [77.0, 84.0, 34.35256498193679, 14.6353713772], [21.0, 52.0, 34.014934279098064, 38.9287703883], [47.0, 98.0, 33.62400851753487, 6.71300566805], [23.0, 79.0, 32.211706052119425, 5.69133063247], [42.0, 94.0, 31.617959173345053, 10.8432237508], [30.0, 33.0, 30.055649330122968, 22.0715997137], [46.0, 98.0, 28.74929020690338, 42.8360366854], [46.0, 94.0, 26.873460404545895, 6.13948890173], [22.0, 76.0, 24.445404725382634, 6.13520665271], [56.0, 64.0, 24.221904143032898, 18.1972662367], [44.0, 53.0, 24.07548929218019, 15.8899895805], [86.0, 100.0, 24.012046557093246, 6.65030153554], [92.0, 96.0, 23.806599489605503, 5.70352835239], [26.0, 57.0, 23.327803076577116, 5.34318742726], [24.0, 40.0, 23.318341873306696, 7.12461550224], [80.0, 85.0, 23.199744109517855, 20.0704081444], [31.0, 34.0, 22.984825506409948, 12.3839443668], [93.0, 96.0, 22.708592989946215, 29.1974144801], [40.0, 53.0, 22.441385787738614, 6.1421684242], [7.0, 63.0, 22.1325197228227, 83.2733991423], [7.0, 61.0, 21.857362101268972, 127.801007029], [28.0, 59.0, 21.817763855194173, 43.9319893831], [57.0, 60.0, 21.339253812602852, 40.2020354308], [22.0, 40.0, 20.744300587369246, 7.13800517984], [26.0, 28.0, 20.743368320624317, 9.49295228592], [5.0, 13.0, 20.65931427855164, 10.7914106287], [6.0, 9.0, 20.400087071563632, 33.5049371459], [22.0, 78.0, 20.343231980217585, 7.13361487519], [9.0, 13.0, 20.040606447066263, 74.0455229248], [87.0, 89.0, 19.299449474695432, 22.286864719], [6.0, 8.0, 17.164892284027736, 112.607799003], [48.0, 50.0, 16.027733326958213, 5.60732983185], [94.0, 98.0, 15.509530919330334, 7.36080651158], [28.0, 57.0, 15.457768053305877, 17.8718792606], [78.0, 100.0, 15.387035953873918, 9.07150726588], [56.0, 61.0, 15.001690027334778, 15.9784657043], [43.0, 53.0, 14.290741336325405, 7.95937718017], [57.0, 59.0, 13.935241616157255, 104.898236962], [34.0, 37.0, 13.926520629524791, 58.6161545379], [12.0, 16.0, 13.588662892173225, 93.811989121], [75.0, 77.0, 13.521480351135928, 23.4020841451], [69.0, 71.0, 13.383333187299273, 18.0243590533], [40.0, 43.0, 12.928728390244327, 7.97274675837], [27.0, 30.0, 12.92324133550614, 7.71286560049], [14.0, 21.0, 12.916024511218534, 9.07705721778], [79.0, 84.0, 12.518861513111602, 6.05283589239], [10.0, 14.0, 12.428366267284167, 6.00012409257], [19.0, 49.0, 12.418938884952226, 6.63112010843], [11.0, 15.0, 12.27693969917504, 9.31062102294], [93.0, 95.0, 12.209081048756012, 42.8381023206], [6.0, 61.0, 11.992083719167313, 13.1270667828], [27.0, 55.0, 11.582878364814455, 5.84475218603], [43.0, 97.0, 11.502065397655302, 8.72732494827], [10.0, 23.0, 11.441181393843108, 6.62371152566], [71.0, 90.0, 11.31767387456402, 5.29053634785], [36.0, 92.0, 11.002152714958841, 5.67495379994], [19.0, 81.0, 10.900440913305495, 113.137829093], [5.0, 14.0, 10.897921086365013, 10.1397719127], [63.0, 66.0, 10.771588927614355, 74.1155945855], [70.0, 75.0, 10.723472572424805, 40.1138137722]]
MATCH POSITIONS CONTACTS BETWEEN NAT AND EVOL (NO WINDOW) : 68
MATCH POSITIONS CONTACTS  : [[58.0, 73.0, 89.29784134824642, 6.49966544382], [84.0, 87.0, 71.10008730394497, 30.9973755516], [24.0, 55.0, 70.17307445505566, 9.57141118418], [77.0, 87.0, 61.37238421978006, 21.1746939106], [32.0, 91.0, 50.59228984742718, 17.2847428231], [22.0, 53.0, 44.397865313583736, 6.31905691929], [32.0, 35.0, 43.59631376315638, 83.0497999248], [37.0, 55.0, 39.889240412015496, 5.16196759846], [36.0, 76.0, 37.4854169204615, 8.01712587503], [7.0, 64.0, 36.88379157144257, 15.2312540551], [5.0, 9.0, 35.874153246060345, 10.425678186], [29.0, 59.0, 35.49970307259947, 47.5551837732], [77.0, 84.0, 34.35256498193679, 14.6353713772], [21.0, 52.0, 34.014934279098064, 38.9287703883], [47.0, 98.0, 33.62400851753487, 6.71300566805], [23.0, 79.0, 32.211706052119425, 5.69133063247], [42.0, 94.0, 31.617959173345053, 10.8432237508], [30.0, 33.0, 30.055649330122968, 22.0715997137], [46.0, 98.0, 28.74929020690338, 42.8360366854], [46.0, 94.0, 26.873460404545895, 6.13948890173], [22.0, 76.0, 24.445404725382634, 6.13520665271], [56.0, 64.0, 24.221904143032898, 18.1972662367], [44.0, 53.0, 24.07548929218019, 15.8899895805], [86.0, 100.0, 24.012046557093246, 6.65030153554], [92.0, 96.0, 23.806599489605503, 5.70352835239], [26.0, 57.0, 23.327803076577116, 5.34318742726], [24.0, 40.0, 23.318341873306696, 7.12461550224], [80.0, 85.0, 23.199744109517855, 20.0704081444], [31.0, 34.0, 22.984825506409948, 12.3839443668], [93.0, 96.0, 22.708592989946215, 29.1974144801], [40.0, 53.0, 22.441385787738614, 6.1421684242], [7.0, 63.0, 22.1325197228227, 83.2733991423], [7.0, 61.0, 21.857362101268972, 127.801007029], [28.0, 59.0, 21.817763855194173, 43.9319893831], [57.0, 60.0, 21.339253812602852, 40.2020354308], [22.0, 40.0, 20.744300587369246, 7.13800517984], [26.0, 28.0, 20.743368320624317, 9.49295228592], [5.0, 13.0, 20.65931427855164, 10.7914106287], [6.0, 9.0, 20.400087071563632, 33.5049371459], [22.0, 78.0, 20.343231980217585, 7.13361487519], [9.0, 13.0, 20.040606447066263, 74.0455229248], [87.0, 89.0, 19.299449474695432, 22.286864719], [6.0, 8.0, 17.164892284027736, 112.607799003], [94.0, 98.0, 15.509530919330334, 7.36080651158], [28.0, 57.0, 15.457768053305877, 17.8718792606], [78.0, 100.0, 15.387035953873918, 9.07150726588], [56.0, 61.0, 15.001690027334778, 15.9784657043], [43.0, 53.0, 14.290741336325405, 7.95937718017], [57.0, 59.0, 13.935241616157255, 104.898236962], [34.0, 37.0, 13.926520629524791, 58.6161545379], [12.0, 16.0, 13.588662892173225, 93.811989121], [75.0, 77.0, 13.521480351135928, 23.4020841451], [69.0, 71.0, 13.383333187299273, 18.0243590533], [40.0, 43.0, 12.928728390244327, 7.97274675837], [27.0, 30.0, 12.92324133550614, 7.71286560049], [14.0, 21.0, 12.916024511218534, 9.07705721778], [79.0, 84.0, 12.518861513111602, 6.05283589239], [10.0, 14.0, 12.428366267284167, 6.00012409257], [11.0, 15.0, 12.27693969917504, 9.31062102294], [93.0, 95.0, 12.209081048756012, 42.8381023206], [6.0, 61.0, 11.992083719167313, 13.1270667828], [43.0, 97.0, 11.502065397655302, 8.72732494827], [10.0, 23.0, 11.441181393843108, 6.62371152566], [36.0, 92.0, 11.002152714958841, 5.67495379994], [19.0, 81.0, 10.900440913305495, 113.137829093], [5.0, 14.0, 10.897921086365013, 10.1397719127], [63.0, 66.0, 10.771588927614355, 74.1155945855], [70.0, 75.0, 10.723472572424805, 40.1138137722]]
************************************************************************
