/home/jcorvi/esmsagen_data/THIO_ECOLI_4_107_2TRX_A/optimization/curated_sequences_path/best_coevolution_methods/PSICOV
 SPEARMAN RANK CORRELATION 0.06770391165329381
TOP : 0.5% PAR POSITIONS : 26.0
NATURAL CONTACTS QUANTITY : 17 - %65.3846153846
EVOL CONTACTS QUANTITY : 26 - %100.0
MATCH POSITIONS BETWEEN NAT AND EVOL (NO WINDOW) : 2
MATCH POSITIONS  : [[84.0, 87.0, 0.888334, 0.413797], [21.0, 52.0, 0.821692, 0.312775]]
MATCH POSITIONS CONTACTS BETWEEN NAT AND EVOL (NO WINDOW) : 2
MATCH POSITIONS CONTACTS  : [[84.0, 87.0, 0.888334, 0.413797], [21.0, 52.0, 0.821692, 0.312775]]
************************************************************************
TOP : 1% PAR POSITIONS : 52
NATURAL CONTACTS QUANTITY : 33 - %63
EVOL CONTACTS QUANTITY : 52 - %100
MATCH POSITIONS BETWEEN NAT AND EVOL (NO WINDOW) : 12
MATCH POSITIONS  : [[84.0, 87.0, 0.888334, 0.413797], [58.0, 73.0, 0.869908, 0.116735], [77.0, 87.0, 0.835001, 0.183337], [21.0, 52.0, 0.821692, 0.312775], [26.0, 28.0, 0.679715, 0.141678], [77.0, 84.0, 0.67932, 0.101134], [6.0, 9.0, 0.62223, 0.107596], [57.0, 60.0, 0.519602, 0.537665], [9.0, 13.0, 0.517016, 0.806132], [5.0, 9.0, 0.502559, 0.105463], [7.0, 64.0, 0.484828, 0.167046], [32.0, 35.0, 0.482924, 0.23261]]
MATCH POSITIONS CONTACTS BETWEEN NAT AND EVOL (NO WINDOW) : 12
MATCH POSITIONS CONTACTS  : [[84.0, 87.0, 0.888334, 0.413797], [58.0, 73.0, 0.869908, 0.116735], [77.0, 87.0, 0.835001, 0.183337], [21.0, 52.0, 0.821692, 0.312775], [26.0, 28.0, 0.679715, 0.141678], [77.0, 84.0, 0.67932, 0.101134], [6.0, 9.0, 0.62223, 0.107596], [57.0, 60.0, 0.519602, 0.537665], [9.0, 13.0, 0.517016, 0.806132], [5.0, 9.0, 0.502559, 0.105463], [7.0, 64.0, 0.484828, 0.167046], [32.0, 35.0, 0.482924, 0.23261]]
************************************************************************
TOP : 2% PAR POSITIONS : 105
NATURAL CONTACTS QUANTITY : 63 - %60
EVOL CONTACTS QUANTITY : 104 - %99
MATCH POSITIONS BETWEEN NAT AND EVOL (NO WINDOW) : 36
MATCH POSITIONS  : [[58.0, 65.0, 0.902985, 0.066095], [84.0, 87.0, 0.888334, 0.413797], [58.0, 73.0, 0.869908, 0.116735], [77.0, 87.0, 0.835001, 0.183337], [21.0, 52.0, 0.821692, 0.312775], [36.0, 76.0, 0.792189, 0.074878], [26.0, 28.0, 0.679715, 0.141678], [77.0, 84.0, 0.67932, 0.101134], [93.0, 96.0, 0.673757, 0.095646], [26.0, 57.0, 0.63135, 0.089337], [6.0, 9.0, 0.62223, 0.107596], [57.0, 60.0, 0.519602, 0.537665], [9.0, 13.0, 0.517016, 0.806132], [5.0, 9.0, 0.502559, 0.105463], [7.0, 64.0, 0.484828, 0.167046], [32.0, 35.0, 0.482924, 0.23261], [88.0, 100.0, 0.462582, 0.064779], [22.0, 40.0, 0.454452, 0.06568], [77.0, 79.0, 0.446703, 0.071197], [79.0, 84.0, 0.436692, 0.073989], [6.0, 8.0, 0.382076, 0.61321], [57.0, 59.0, 0.381376, 0.844469], [56.0, 61.0, 0.36824, 0.129962], [4.0, 6.0, 0.353757, 0.615929], [5.0, 13.0, 0.352347, 0.106751], [36.0, 39.0, 0.344671, 0.087596], [44.0, 53.0, 0.326652, 0.245717], [29.0, 59.0, 0.302498, 0.462938], [56.0, 64.0, 0.294667, 0.091487], [7.0, 63.0, 0.294628, 0.892962], [43.0, 53.0, 0.289003, 0.090602], [88.0, 92.0, 0.28409, 0.077368], [75.0, 77.0, 0.276181, 0.286721], [31.0, 34.0, 0.270922, 0.867362], [96.0, 99.0, 0.257913, 0.899177], [36.0, 40.0, 0.25618, 0.069234]]
MATCH POSITIONS CONTACTS BETWEEN NAT AND EVOL (NO WINDOW) : 36
MATCH POSITIONS CONTACTS  : [[58.0, 65.0, 0.902985, 0.066095], [84.0, 87.0, 0.888334, 0.413797], [58.0, 73.0, 0.869908, 0.116735], [77.0, 87.0, 0.835001, 0.183337], [21.0, 52.0, 0.821692, 0.312775], [36.0, 76.0, 0.792189, 0.074878], [26.0, 28.0, 0.679715, 0.141678], [77.0, 84.0, 0.67932, 0.101134], [93.0, 96.0, 0.673757, 0.095646], [26.0, 57.0, 0.63135, 0.089337], [6.0, 9.0, 0.62223, 0.107596], [57.0, 60.0, 0.519602, 0.537665], [9.0, 13.0, 0.517016, 0.806132], [5.0, 9.0, 0.502559, 0.105463], [7.0, 64.0, 0.484828, 0.167046], [32.0, 35.0, 0.482924, 0.23261], [88.0, 100.0, 0.462582, 0.064779], [22.0, 40.0, 0.454452, 0.06568], [77.0, 79.0, 0.446703, 0.071197], [79.0, 84.0, 0.436692, 0.073989], [6.0, 8.0, 0.382076, 0.61321], [57.0, 59.0, 0.381376, 0.844469], [56.0, 61.0, 0.36824, 0.129962], [4.0, 6.0, 0.353757, 0.615929], [5.0, 13.0, 0.352347, 0.106751], [36.0, 39.0, 0.344671, 0.087596], [44.0, 53.0, 0.326652, 0.245717], [29.0, 59.0, 0.302498, 0.462938], [56.0, 64.0, 0.294667, 0.091487], [7.0, 63.0, 0.294628, 0.892962], [43.0, 53.0, 0.289003, 0.090602], [88.0, 92.0, 0.28409, 0.077368], [75.0, 77.0, 0.276181, 0.286721], [31.0, 34.0, 0.270922, 0.867362], [96.0, 99.0, 0.257913, 0.899177], [36.0, 40.0, 0.25618, 0.069234]]
************************************************************************
TOP : 3% PAR POSITIONS : 158
NATURAL CONTACTS QUANTITY : 80 - %50
EVOL CONTACTS QUANTITY : 125 - %79
MATCH POSITIONS BETWEEN NAT AND EVOL (NO WINDOW) : 49
MATCH POSITIONS  : [[58.0, 65.0, 0.902985, 0.066095], [84.0, 87.0, 0.888334, 0.413797], [58.0, 73.0, 0.869908, 0.116735], [77.0, 87.0, 0.835001, 0.183337], [21.0, 52.0, 0.821692, 0.312775], [36.0, 76.0, 0.792189, 0.074878], [26.0, 28.0, 0.679715, 0.141678], [77.0, 84.0, 0.67932, 0.101134], [93.0, 96.0, 0.673757, 0.095646], [26.0, 57.0, 0.63135, 0.089337], [6.0, 9.0, 0.62223, 0.107596], [57.0, 60.0, 0.519602, 0.537665], [9.0, 13.0, 0.517016, 0.806132], [5.0, 9.0, 0.502559, 0.105463], [40.0, 53.0, 0.49725, 0.061689], [7.0, 64.0, 0.484828, 0.167046], [32.0, 35.0, 0.482924, 0.23261], [88.0, 100.0, 0.462582, 0.064779], [22.0, 40.0, 0.454452, 0.06568], [77.0, 79.0, 0.446703, 0.071197], [79.0, 84.0, 0.436692, 0.073989], [6.0, 8.0, 0.382076, 0.61321], [57.0, 59.0, 0.381376, 0.844469], [56.0, 61.0, 0.36824, 0.129962], [4.0, 6.0, 0.353757, 0.615929], [5.0, 13.0, 0.352347, 0.106751], [36.0, 39.0, 0.344671, 0.087596], [22.0, 78.0, 0.335064, 0.062159], [44.0, 53.0, 0.326652, 0.245717], [29.0, 59.0, 0.302498, 0.462938], [26.0, 73.0, 0.301368, 0.063508], [56.0, 64.0, 0.294667, 0.091487], [7.0, 63.0, 0.294628, 0.892962], [43.0, 53.0, 0.289003, 0.090602], [88.0, 92.0, 0.28409, 0.077368], [75.0, 77.0, 0.276181, 0.286721], [31.0, 34.0, 0.270922, 0.867362], [22.0, 76.0, 0.266997, 0.063366], [96.0, 99.0, 0.257913, 0.899177], [36.0, 40.0, 0.25618, 0.069234], [93.0, 95.0, 0.247352, 0.769812], [36.0, 38.0, 0.235151, 0.075884], [24.0, 40.0, 0.231648, 0.084223], [7.0, 61.0, 0.227982, 0.895658], [51.0, 53.0, 0.227821, 0.068205], [39.0, 42.0, 0.224745, 0.07855], [14.0, 21.0, 0.22143, 0.081736], [92.0, 96.0, 0.19299, 0.068675], [23.0, 77.0, 0.187706, 0.059405]]
MATCH POSITIONS CONTACTS BETWEEN NAT AND EVOL (NO WINDOW) : 49
MATCH POSITIONS CONTACTS  : [[58.0, 65.0, 0.902985, 0.066095], [84.0, 87.0, 0.888334, 0.413797], [58.0, 73.0, 0.869908, 0.116735], [77.0, 87.0, 0.835001, 0.183337], [21.0, 52.0, 0.821692, 0.312775], [36.0, 76.0, 0.792189, 0.074878], [26.0, 28.0, 0.679715, 0.141678], [77.0, 84.0, 0.67932, 0.101134], [93.0, 96.0, 0.673757, 0.095646], [26.0, 57.0, 0.63135, 0.089337], [6.0, 9.0, 0.62223, 0.107596], [57.0, 60.0, 0.519602, 0.537665], [9.0, 13.0, 0.517016, 0.806132], [5.0, 9.0, 0.502559, 0.105463], [40.0, 53.0, 0.49725, 0.061689], [7.0, 64.0, 0.484828, 0.167046], [32.0, 35.0, 0.482924, 0.23261], [88.0, 100.0, 0.462582, 0.064779], [22.0, 40.0, 0.454452, 0.06568], [77.0, 79.0, 0.446703, 0.071197], [79.0, 84.0, 0.436692, 0.073989], [6.0, 8.0, 0.382076, 0.61321], [57.0, 59.0, 0.381376, 0.844469], [56.0, 61.0, 0.36824, 0.129962], [4.0, 6.0, 0.353757, 0.615929], [5.0, 13.0, 0.352347, 0.106751], [36.0, 39.0, 0.344671, 0.087596], [22.0, 78.0, 0.335064, 0.062159], [44.0, 53.0, 0.326652, 0.245717], [29.0, 59.0, 0.302498, 0.462938], [26.0, 73.0, 0.301368, 0.063508], [56.0, 64.0, 0.294667, 0.091487], [7.0, 63.0, 0.294628, 0.892962], [43.0, 53.0, 0.289003, 0.090602], [88.0, 92.0, 0.28409, 0.077368], [75.0, 77.0, 0.276181, 0.286721], [31.0, 34.0, 0.270922, 0.867362], [22.0, 76.0, 0.266997, 0.063366], [96.0, 99.0, 0.257913, 0.899177], [36.0, 40.0, 0.25618, 0.069234], [93.0, 95.0, 0.247352, 0.769812], [36.0, 38.0, 0.235151, 0.075884], [24.0, 40.0, 0.231648, 0.084223], [7.0, 61.0, 0.227982, 0.895658], [51.0, 53.0, 0.227821, 0.068205], [39.0, 42.0, 0.224745, 0.07855], [14.0, 21.0, 0.22143, 0.081736], [92.0, 96.0, 0.19299, 0.068675], [23.0, 77.0, 0.187706, 0.059405]]
************************************************************************
TOP : 4% PAR POSITIONS : 211
NATURAL CONTACTS QUANTITY : 96 - %45
EVOL CONTACTS QUANTITY : 130 - %61
MATCH POSITIONS BETWEEN NAT AND EVOL (NO WINDOW) : 65
MATCH POSITIONS  : [[58.0, 65.0, 0.902985, 0.066095], [84.0, 87.0, 0.888334, 0.413797], [58.0, 73.0, 0.869908, 0.116735], [77.0, 87.0, 0.835001, 0.183337], [21.0, 52.0, 0.821692, 0.312775], [36.0, 76.0, 0.792189, 0.074878], [26.0, 28.0, 0.679715, 0.141678], [77.0, 84.0, 0.67932, 0.101134], [93.0, 96.0, 0.673757, 0.095646], [26.0, 57.0, 0.63135, 0.089337], [6.0, 9.0, 0.62223, 0.107596], [23.0, 79.0, 0.5712, 0.058434], [57.0, 60.0, 0.519602, 0.537665], [9.0, 13.0, 0.517016, 0.806132], [5.0, 9.0, 0.502559, 0.105463], [40.0, 53.0, 0.49725, 0.061689], [7.0, 64.0, 0.484828, 0.167046], [32.0, 35.0, 0.482924, 0.23261], [88.0, 100.0, 0.462582, 0.064779], [22.0, 40.0, 0.454452, 0.06568], [77.0, 79.0, 0.446703, 0.071197], [79.0, 84.0, 0.436692, 0.073989], [6.0, 8.0, 0.382076, 0.61321], [57.0, 59.0, 0.381376, 0.844469], [56.0, 61.0, 0.36824, 0.129962], [4.0, 6.0, 0.353757, 0.615929], [5.0, 13.0, 0.352347, 0.106751], [36.0, 39.0, 0.344671, 0.087596], [22.0, 78.0, 0.335064, 0.062159], [44.0, 53.0, 0.326652, 0.245717], [29.0, 59.0, 0.302498, 0.462938], [26.0, 73.0, 0.301368, 0.063508], [56.0, 64.0, 0.294667, 0.091487], [7.0, 63.0, 0.294628, 0.892962], [43.0, 53.0, 0.289003, 0.090602], [88.0, 92.0, 0.28409, 0.077368], [75.0, 77.0, 0.276181, 0.286721], [31.0, 34.0, 0.270922, 0.867362], [22.0, 76.0, 0.266997, 0.063366], [96.0, 99.0, 0.257913, 0.899177], [36.0, 40.0, 0.25618, 0.069234], [93.0, 95.0, 0.247352, 0.769812], [36.0, 38.0, 0.235151, 0.075884], [24.0, 40.0, 0.231648, 0.084223], [7.0, 61.0, 0.227982, 0.895658], [51.0, 53.0, 0.227821, 0.068205], [39.0, 42.0, 0.224745, 0.07855], [14.0, 21.0, 0.22143, 0.081736], [5.0, 54.0, 0.215239, 0.057956], [92.0, 96.0, 0.19299, 0.068675], [10.0, 14.0, 0.18993, 0.058589], [23.0, 77.0, 0.187706, 0.059405], [40.0, 76.0, 0.177856, 0.061214], [36.0, 92.0, 0.177364, 0.124267], [80.0, 85.0, 0.174167, 0.297665], [43.0, 97.0, 0.171939, 0.071934], [6.0, 61.0, 0.169848, 0.084707], [39.0, 43.0, 0.167587, 0.078263], [36.0, 74.0, 0.165374, 0.188755], [25.0, 64.0, 0.162458, 0.144412], [78.0, 100.0, 0.160967, 0.07311], [25.0, 65.0, 0.160381, 0.05993], [100.0, 104.0, 0.157195, 0.098823], [14.0, 17.0, 0.155704, 0.064422], [21.0, 23.0, 0.153332, 0.085229]]
MATCH POSITIONS CONTACTS BETWEEN NAT AND EVOL (NO WINDOW) : 65
MATCH POSITIONS CONTACTS  : [[58.0, 65.0, 0.902985, 0.066095], [84.0, 87.0, 0.888334, 0.413797], [58.0, 73.0, 0.869908, 0.116735], [77.0, 87.0, 0.835001, 0.183337], [21.0, 52.0, 0.821692, 0.312775], [36.0, 76.0, 0.792189, 0.074878], [26.0, 28.0, 0.679715, 0.141678], [77.0, 84.0, 0.67932, 0.101134], [93.0, 96.0, 0.673757, 0.095646], [26.0, 57.0, 0.63135, 0.089337], [6.0, 9.0, 0.62223, 0.107596], [23.0, 79.0, 0.5712, 0.058434], [57.0, 60.0, 0.519602, 0.537665], [9.0, 13.0, 0.517016, 0.806132], [5.0, 9.0, 0.502559, 0.105463], [40.0, 53.0, 0.49725, 0.061689], [7.0, 64.0, 0.484828, 0.167046], [32.0, 35.0, 0.482924, 0.23261], [88.0, 100.0, 0.462582, 0.064779], [22.0, 40.0, 0.454452, 0.06568], [77.0, 79.0, 0.446703, 0.071197], [79.0, 84.0, 0.436692, 0.073989], [6.0, 8.0, 0.382076, 0.61321], [57.0, 59.0, 0.381376, 0.844469], [56.0, 61.0, 0.36824, 0.129962], [4.0, 6.0, 0.353757, 0.615929], [5.0, 13.0, 0.352347, 0.106751], [36.0, 39.0, 0.344671, 0.087596], [22.0, 78.0, 0.335064, 0.062159], [44.0, 53.0, 0.326652, 0.245717], [29.0, 59.0, 0.302498, 0.462938], [26.0, 73.0, 0.301368, 0.063508], [56.0, 64.0, 0.294667, 0.091487], [7.0, 63.0, 0.294628, 0.892962], [43.0, 53.0, 0.289003, 0.090602], [88.0, 92.0, 0.28409, 0.077368], [75.0, 77.0, 0.276181, 0.286721], [31.0, 34.0, 0.270922, 0.867362], [22.0, 76.0, 0.266997, 0.063366], [96.0, 99.0, 0.257913, 0.899177], [36.0, 40.0, 0.25618, 0.069234], [93.0, 95.0, 0.247352, 0.769812], [36.0, 38.0, 0.235151, 0.075884], [24.0, 40.0, 0.231648, 0.084223], [7.0, 61.0, 0.227982, 0.895658], [51.0, 53.0, 0.227821, 0.068205], [39.0, 42.0, 0.224745, 0.07855], [14.0, 21.0, 0.22143, 0.081736], [5.0, 54.0, 0.215239, 0.057956], [92.0, 96.0, 0.19299, 0.068675], [10.0, 14.0, 0.18993, 0.058589], [23.0, 77.0, 0.187706, 0.059405], [40.0, 76.0, 0.177856, 0.061214], [36.0, 92.0, 0.177364, 0.124267], [80.0, 85.0, 0.174167, 0.297665], [43.0, 97.0, 0.171939, 0.071934], [6.0, 61.0, 0.169848, 0.084707], [39.0, 43.0, 0.167587, 0.078263], [36.0, 74.0, 0.165374, 0.188755], [25.0, 64.0, 0.162458, 0.144412], [78.0, 100.0, 0.160967, 0.07311], [25.0, 65.0, 0.160381, 0.05993], [100.0, 104.0, 0.157195, 0.098823], [14.0, 17.0, 0.155704, 0.064422], [21.0, 23.0, 0.153332, 0.085229]]
************************************************************************
TOP : 5% PAR POSITIONS : 264
NATURAL CONTACTS QUANTITY : 104 - %39
EVOL CONTACTS QUANTITY : 132 - %50
MATCH POSITIONS BETWEEN NAT AND EVOL (NO WINDOW) : 70
MATCH POSITIONS  : [[58.0, 65.0, 0.902985, 0.066095], [84.0, 87.0, 0.888334, 0.413797], [58.0, 73.0, 0.869908, 0.116735], [77.0, 87.0, 0.835001, 0.183337], [21.0, 52.0, 0.821692, 0.312775], [36.0, 76.0, 0.792189, 0.074878], [32.0, 90.0, 0.763976, 0.056041], [26.0, 28.0, 0.679715, 0.141678], [77.0, 84.0, 0.67932, 0.101134], [93.0, 96.0, 0.673757, 0.095646], [26.0, 57.0, 0.63135, 0.089337], [6.0, 9.0, 0.62223, 0.107596], [23.0, 79.0, 0.5712, 0.058434], [57.0, 60.0, 0.519602, 0.537665], [9.0, 13.0, 0.517016, 0.806132], [5.0, 9.0, 0.502559, 0.105463], [40.0, 53.0, 0.49725, 0.061689], [7.0, 64.0, 0.484828, 0.167046], [32.0, 35.0, 0.482924, 0.23261], [88.0, 100.0, 0.462582, 0.064779], [22.0, 40.0, 0.454452, 0.06568], [77.0, 79.0, 0.446703, 0.071197], [79.0, 84.0, 0.436692, 0.073989], [18.0, 19.0, 0.427397, 0.056307], [6.0, 8.0, 0.382076, 0.61321], [57.0, 59.0, 0.381376, 0.844469], [56.0, 61.0, 0.36824, 0.129962], [4.0, 6.0, 0.353757, 0.615929], [5.0, 13.0, 0.352347, 0.106751], [36.0, 39.0, 0.344671, 0.087596], [22.0, 78.0, 0.335064, 0.062159], [44.0, 53.0, 0.326652, 0.245717], [29.0, 59.0, 0.302498, 0.462938], [26.0, 73.0, 0.301368, 0.063508], [56.0, 64.0, 0.294667, 0.091487], [7.0, 63.0, 0.294628, 0.892962], [43.0, 53.0, 0.289003, 0.090602], [88.0, 92.0, 0.28409, 0.077368], [75.0, 77.0, 0.276181, 0.286721], [31.0, 34.0, 0.270922, 0.867362], [22.0, 76.0, 0.266997, 0.063366], [96.0, 99.0, 0.257913, 0.899177], [36.0, 40.0, 0.25618, 0.069234], [93.0, 95.0, 0.247352, 0.769812], [36.0, 38.0, 0.235151, 0.075884], [24.0, 40.0, 0.231648, 0.084223], [7.0, 61.0, 0.227982, 0.895658], [51.0, 53.0, 0.227821, 0.068205], [39.0, 42.0, 0.224745, 0.07855], [14.0, 21.0, 0.22143, 0.081736], [5.0, 54.0, 0.215239, 0.057956], [92.0, 96.0, 0.19299, 0.068675], [10.0, 14.0, 0.18993, 0.058589], [23.0, 77.0, 0.187706, 0.059405], [40.0, 76.0, 0.177856, 0.061214], [36.0, 92.0, 0.177364, 0.124267], [80.0, 85.0, 0.174167, 0.297665], [43.0, 97.0, 0.171939, 0.071934], [6.0, 61.0, 0.169848, 0.084707], [39.0, 43.0, 0.167587, 0.078263], [36.0, 74.0, 0.165374, 0.188755], [25.0, 64.0, 0.162458, 0.144412], [78.0, 100.0, 0.160967, 0.07311], [25.0, 65.0, 0.160381, 0.05993], [100.0, 104.0, 0.157195, 0.098823], [14.0, 17.0, 0.155704, 0.064422], [21.0, 23.0, 0.153332, 0.085229], [25.0, 70.0, 0.144227, 0.063281], [23.0, 25.0, 0.129242, 0.056727], [10.0, 15.0, 0.129184, 0.06009]]
MATCH POSITIONS CONTACTS BETWEEN NAT AND EVOL (NO WINDOW) : 68
MATCH POSITIONS CONTACTS  : [[58.0, 65.0, 0.902985, 0.066095], [84.0, 87.0, 0.888334, 0.413797], [58.0, 73.0, 0.869908, 0.116735], [77.0, 87.0, 0.835001, 0.183337], [21.0, 52.0, 0.821692, 0.312775], [36.0, 76.0, 0.792189, 0.074878], [26.0, 28.0, 0.679715, 0.141678], [77.0, 84.0, 0.67932, 0.101134], [93.0, 96.0, 0.673757, 0.095646], [26.0, 57.0, 0.63135, 0.089337], [6.0, 9.0, 0.62223, 0.107596], [23.0, 79.0, 0.5712, 0.058434], [57.0, 60.0, 0.519602, 0.537665], [9.0, 13.0, 0.517016, 0.806132], [5.0, 9.0, 0.502559, 0.105463], [40.0, 53.0, 0.49725, 0.061689], [7.0, 64.0, 0.484828, 0.167046], [32.0, 35.0, 0.482924, 0.23261], [88.0, 100.0, 0.462582, 0.064779], [22.0, 40.0, 0.454452, 0.06568], [77.0, 79.0, 0.446703, 0.071197], [79.0, 84.0, 0.436692, 0.073989], [6.0, 8.0, 0.382076, 0.61321], [57.0, 59.0, 0.381376, 0.844469], [56.0, 61.0, 0.36824, 0.129962], [4.0, 6.0, 0.353757, 0.615929], [5.0, 13.0, 0.352347, 0.106751], [36.0, 39.0, 0.344671, 0.087596], [22.0, 78.0, 0.335064, 0.062159], [44.0, 53.0, 0.326652, 0.245717], [29.0, 59.0, 0.302498, 0.462938], [26.0, 73.0, 0.301368, 0.063508], [56.0, 64.0, 0.294667, 0.091487], [7.0, 63.0, 0.294628, 0.892962], [43.0, 53.0, 0.289003, 0.090602], [88.0, 92.0, 0.28409, 0.077368], [75.0, 77.0, 0.276181, 0.286721], [31.0, 34.0, 0.270922, 0.867362], [22.0, 76.0, 0.266997, 0.063366], [96.0, 99.0, 0.257913, 0.899177], [36.0, 40.0, 0.25618, 0.069234], [93.0, 95.0, 0.247352, 0.769812], [36.0, 38.0, 0.235151, 0.075884], [24.0, 40.0, 0.231648, 0.084223], [7.0, 61.0, 0.227982, 0.895658], [51.0, 53.0, 0.227821, 0.068205], [39.0, 42.0, 0.224745, 0.07855], [14.0, 21.0, 0.22143, 0.081736], [5.0, 54.0, 0.215239, 0.057956], [92.0, 96.0, 0.19299, 0.068675], [10.0, 14.0, 0.18993, 0.058589], [23.0, 77.0, 0.187706, 0.059405], [40.0, 76.0, 0.177856, 0.061214], [36.0, 92.0, 0.177364, 0.124267], [80.0, 85.0, 0.174167, 0.297665], [43.0, 97.0, 0.171939, 0.071934], [6.0, 61.0, 0.169848, 0.084707], [39.0, 43.0, 0.167587, 0.078263], [36.0, 74.0, 0.165374, 0.188755], [25.0, 64.0, 0.162458, 0.144412], [78.0, 100.0, 0.160967, 0.07311], [25.0, 65.0, 0.160381, 0.05993], [100.0, 104.0, 0.157195, 0.098823], [14.0, 17.0, 0.155704, 0.064422], [21.0, 23.0, 0.153332, 0.085229], [25.0, 70.0, 0.144227, 0.063281], [23.0, 25.0, 0.129242, 0.056727], [10.0, 15.0, 0.129184, 0.06009]]
************************************************************************
