/home/jcorvi/esmsagen_data/THIO_ECOLI_4_107_CONFORMERS/1XOB/curated_sequences/PSICOV
 SPEARMAN RANK CORRELATION 0.0786689683621
TOP : 0.5% PAR POSITIONS : 26.0
NATURAL CONTACTS QUANTITY : 17 - %65.3846153846
EVOL CONTACTS QUANTITY : 26 - %100.0
MATCH POSITIONS BETWEEN NAT AND EVOL (NO WINDOW) : 2
MATCH POSITIONS  : [[30.0, 33.0, 0.887762, 0.903747], [93.0, 96.0, 0.673757, 0.595932]]
MATCH POSITIONS CONTACTS BETWEEN NAT AND EVOL (NO WINDOW) : 2
MATCH POSITIONS CONTACTS  : [[30.0, 33.0, 0.887762, 0.903747], [93.0, 96.0, 0.673757, 0.595932]]
************************************************************************
TOP : 1% PAR POSITIONS : 52
NATURAL CONTACTS QUANTITY : 33 - %63
EVOL CONTACTS QUANTITY : 52 - %100
MATCH POSITIONS BETWEEN NAT AND EVOL (NO WINDOW) : 10
MATCH POSITIONS  : [[84.0, 87.0, 0.888334, 0.30566], [30.0, 33.0, 0.887762, 0.903747], [77.0, 87.0, 0.835001, 0.147735], [21.0, 52.0, 0.821692, 0.39094], [93.0, 96.0, 0.673757, 0.595932], [6.0, 9.0, 0.62223, 0.310299], [28.0, 57.0, 0.569728, 0.889088], [57.0, 60.0, 0.519602, 0.183309], [9.0, 13.0, 0.517016, 0.655071], [32.0, 35.0, 0.482924, 0.896166]]
MATCH POSITIONS CONTACTS BETWEEN NAT AND EVOL (NO WINDOW) : 10
MATCH POSITIONS CONTACTS  : [[84.0, 87.0, 0.888334, 0.30566], [30.0, 33.0, 0.887762, 0.903747], [77.0, 87.0, 0.835001, 0.147735], [21.0, 52.0, 0.821692, 0.39094], [93.0, 96.0, 0.673757, 0.595932], [6.0, 9.0, 0.62223, 0.310299], [28.0, 57.0, 0.569728, 0.889088], [57.0, 60.0, 0.519602, 0.183309], [9.0, 13.0, 0.517016, 0.655071], [32.0, 35.0, 0.482924, 0.896166]]
************************************************************************
TOP : 2% PAR POSITIONS : 105
NATURAL CONTACTS QUANTITY : 65 - %61
EVOL CONTACTS QUANTITY : 105 - %100
MATCH POSITIONS BETWEEN NAT AND EVOL (NO WINDOW) : 29
MATCH POSITIONS  : [[84.0, 87.0, 0.888334, 0.30566], [30.0, 33.0, 0.887762, 0.903747], [58.0, 73.0, 0.869908, 0.092321], [77.0, 87.0, 0.835001, 0.147735], [21.0, 52.0, 0.821692, 0.39094], [36.0, 76.0, 0.792189, 0.082932], [37.0, 55.0, 0.743476, 0.085769], [77.0, 84.0, 0.67932, 0.083737], [93.0, 96.0, 0.673757, 0.595932], [6.0, 9.0, 0.62223, 0.310299], [28.0, 57.0, 0.569728, 0.889088], [57.0, 60.0, 0.519602, 0.183309], [9.0, 13.0, 0.517016, 0.655071], [5.0, 9.0, 0.502559, 0.096295], [7.0, 64.0, 0.484828, 0.095392], [32.0, 35.0, 0.482924, 0.896166], [6.0, 8.0, 0.382076, 0.90283], [57.0, 59.0, 0.381376, 0.901252], [5.0, 13.0, 0.352347, 0.089716], [28.0, 59.0, 0.344973, 0.902872], [36.0, 39.0, 0.344671, 0.082789], [22.0, 78.0, 0.335064, 0.074423], [44.0, 53.0, 0.326652, 0.112042], [29.0, 59.0, 0.302498, 0.668518], [56.0, 64.0, 0.294667, 0.131577], [43.0, 53.0, 0.289003, 0.081831], [96.0, 99.0, 0.257913, 0.336381], [36.0, 40.0, 0.25618, 0.081663], [12.0, 16.0, 0.252805, 0.804856]]
MATCH POSITIONS CONTACTS BETWEEN NAT AND EVOL (NO WINDOW) : 29
MATCH POSITIONS CONTACTS  : [[84.0, 87.0, 0.888334, 0.30566], [30.0, 33.0, 0.887762, 0.903747], [58.0, 73.0, 0.869908, 0.092321], [77.0, 87.0, 0.835001, 0.147735], [21.0, 52.0, 0.821692, 0.39094], [36.0, 76.0, 0.792189, 0.082932], [37.0, 55.0, 0.743476, 0.085769], [77.0, 84.0, 0.67932, 0.083737], [93.0, 96.0, 0.673757, 0.595932], [6.0, 9.0, 0.62223, 0.310299], [28.0, 57.0, 0.569728, 0.889088], [57.0, 60.0, 0.519602, 0.183309], [9.0, 13.0, 0.517016, 0.655071], [5.0, 9.0, 0.502559, 0.096295], [7.0, 64.0, 0.484828, 0.095392], [32.0, 35.0, 0.482924, 0.896166], [6.0, 8.0, 0.382076, 0.90283], [57.0, 59.0, 0.381376, 0.901252], [5.0, 13.0, 0.352347, 0.089716], [28.0, 59.0, 0.344973, 0.902872], [36.0, 39.0, 0.344671, 0.082789], [22.0, 78.0, 0.335064, 0.074423], [44.0, 53.0, 0.326652, 0.112042], [29.0, 59.0, 0.302498, 0.668518], [56.0, 64.0, 0.294667, 0.131577], [43.0, 53.0, 0.289003, 0.081831], [96.0, 99.0, 0.257913, 0.336381], [36.0, 40.0, 0.25618, 0.081663], [12.0, 16.0, 0.252805, 0.804856]]
************************************************************************
TOP : 3% PAR POSITIONS : 158
NATURAL CONTACTS QUANTITY : 81 - %51
EVOL CONTACTS QUANTITY : 138 - %87
MATCH POSITIONS BETWEEN NAT AND EVOL (NO WINDOW) : 49
MATCH POSITIONS  : [[84.0, 87.0, 0.888334, 0.30566], [30.0, 33.0, 0.887762, 0.903747], [58.0, 73.0, 0.869908, 0.092321], [77.0, 87.0, 0.835001, 0.147735], [21.0, 52.0, 0.821692, 0.39094], [36.0, 76.0, 0.792189, 0.082932], [68.0, 79.0, 0.768276, 0.063981], [37.0, 55.0, 0.743476, 0.085769], [77.0, 84.0, 0.67932, 0.083737], [93.0, 96.0, 0.673757, 0.595932], [25.0, 68.0, 0.648373, 0.060677], [6.0, 9.0, 0.62223, 0.310299], [26.0, 55.0, 0.618635, 0.059957], [28.0, 57.0, 0.569728, 0.889088], [57.0, 60.0, 0.519602, 0.183309], [9.0, 13.0, 0.517016, 0.655071], [5.0, 9.0, 0.502559, 0.096295], [40.0, 53.0, 0.49725, 0.068496], [7.0, 64.0, 0.484828, 0.095392], [32.0, 35.0, 0.482924, 0.896166], [22.0, 40.0, 0.454452, 0.064494], [77.0, 79.0, 0.446703, 0.063814], [79.0, 84.0, 0.436692, 0.069213], [6.0, 8.0, 0.382076, 0.90283], [57.0, 59.0, 0.381376, 0.901252], [56.0, 61.0, 0.36824, 0.062639], [5.0, 13.0, 0.352347, 0.089716], [28.0, 59.0, 0.344973, 0.902872], [36.0, 39.0, 0.344671, 0.082789], [22.0, 78.0, 0.335064, 0.074423], [44.0, 53.0, 0.326652, 0.112042], [61.0, 64.0, 0.325832, 0.066069], [76.0, 88.0, 0.307718, 0.063475], [29.0, 59.0, 0.302498, 0.668518], [56.0, 64.0, 0.294667, 0.131577], [43.0, 53.0, 0.289003, 0.081831], [88.0, 92.0, 0.28409, 0.062686], [22.0, 76.0, 0.266997, 0.065906], [96.0, 99.0, 0.257913, 0.336381], [36.0, 40.0, 0.25618, 0.081663], [12.0, 16.0, 0.252805, 0.804856], [36.0, 38.0, 0.235151, 0.098927], [24.0, 40.0, 0.231648, 0.071935], [7.0, 61.0, 0.227982, 0.848113], [73.0, 75.0, 0.227876, 0.12207], [14.0, 21.0, 0.22143, 0.080816], [92.0, 96.0, 0.19299, 0.073209], [10.0, 14.0, 0.18993, 0.073332], [19.0, 81.0, 0.189283, 0.866293]]
MATCH POSITIONS CONTACTS BETWEEN NAT AND EVOL (NO WINDOW) : 49
MATCH POSITIONS CONTACTS  : [[84.0, 87.0, 0.888334, 0.30566], [30.0, 33.0, 0.887762, 0.903747], [58.0, 73.0, 0.869908, 0.092321], [77.0, 87.0, 0.835001, 0.147735], [21.0, 52.0, 0.821692, 0.39094], [36.0, 76.0, 0.792189, 0.082932], [68.0, 79.0, 0.768276, 0.063981], [37.0, 55.0, 0.743476, 0.085769], [77.0, 84.0, 0.67932, 0.083737], [93.0, 96.0, 0.673757, 0.595932], [25.0, 68.0, 0.648373, 0.060677], [6.0, 9.0, 0.62223, 0.310299], [26.0, 55.0, 0.618635, 0.059957], [28.0, 57.0, 0.569728, 0.889088], [57.0, 60.0, 0.519602, 0.183309], [9.0, 13.0, 0.517016, 0.655071], [5.0, 9.0, 0.502559, 0.096295], [40.0, 53.0, 0.49725, 0.068496], [7.0, 64.0, 0.484828, 0.095392], [32.0, 35.0, 0.482924, 0.896166], [22.0, 40.0, 0.454452, 0.064494], [77.0, 79.0, 0.446703, 0.063814], [79.0, 84.0, 0.436692, 0.069213], [6.0, 8.0, 0.382076, 0.90283], [57.0, 59.0, 0.381376, 0.901252], [56.0, 61.0, 0.36824, 0.062639], [5.0, 13.0, 0.352347, 0.089716], [28.0, 59.0, 0.344973, 0.902872], [36.0, 39.0, 0.344671, 0.082789], [22.0, 78.0, 0.335064, 0.074423], [44.0, 53.0, 0.326652, 0.112042], [61.0, 64.0, 0.325832, 0.066069], [76.0, 88.0, 0.307718, 0.063475], [29.0, 59.0, 0.302498, 0.668518], [56.0, 64.0, 0.294667, 0.131577], [43.0, 53.0, 0.289003, 0.081831], [88.0, 92.0, 0.28409, 0.062686], [22.0, 76.0, 0.266997, 0.065906], [96.0, 99.0, 0.257913, 0.336381], [36.0, 40.0, 0.25618, 0.081663], [12.0, 16.0, 0.252805, 0.804856], [36.0, 38.0, 0.235151, 0.098927], [24.0, 40.0, 0.231648, 0.071935], [7.0, 61.0, 0.227982, 0.848113], [73.0, 75.0, 0.227876, 0.12207], [14.0, 21.0, 0.22143, 0.080816], [92.0, 96.0, 0.19299, 0.073209], [10.0, 14.0, 0.18993, 0.073332], [19.0, 81.0, 0.189283, 0.866293]]
************************************************************************
TOP : 4% PAR POSITIONS : 211
NATURAL CONTACTS QUANTITY : 98 - %46
EVOL CONTACTS QUANTITY : 143 - %67
MATCH POSITIONS BETWEEN NAT AND EVOL (NO WINDOW) : 68
MATCH POSITIONS  : [[84.0, 87.0, 0.888334, 0.30566], [30.0, 33.0, 0.887762, 0.903747], [58.0, 73.0, 0.869908, 0.092321], [77.0, 87.0, 0.835001, 0.147735], [21.0, 52.0, 0.821692, 0.39094], [36.0, 76.0, 0.792189, 0.082932], [68.0, 79.0, 0.768276, 0.063981], [37.0, 55.0, 0.743476, 0.085769], [77.0, 84.0, 0.67932, 0.083737], [93.0, 96.0, 0.673757, 0.595932], [25.0, 68.0, 0.648373, 0.060677], [6.0, 9.0, 0.62223, 0.310299], [26.0, 55.0, 0.618635, 0.059957], [28.0, 57.0, 0.569728, 0.889088], [57.0, 60.0, 0.519602, 0.183309], [9.0, 13.0, 0.517016, 0.655071], [5.0, 9.0, 0.502559, 0.096295], [40.0, 53.0, 0.49725, 0.068496], [7.0, 64.0, 0.484828, 0.095392], [32.0, 35.0, 0.482924, 0.896166], [49.0, 50.0, 0.454531, 0.058433], [22.0, 40.0, 0.454452, 0.064494], [77.0, 79.0, 0.446703, 0.063814], [79.0, 84.0, 0.436692, 0.069213], [22.0, 53.0, 0.430055, 0.058465], [25.0, 77.0, 0.382743, 0.058897], [6.0, 8.0, 0.382076, 0.90283], [57.0, 59.0, 0.381376, 0.901252], [56.0, 61.0, 0.36824, 0.062639], [5.0, 13.0, 0.352347, 0.089716], [28.0, 59.0, 0.344973, 0.902872], [36.0, 39.0, 0.344671, 0.082789], [22.0, 78.0, 0.335064, 0.074423], [44.0, 53.0, 0.326652, 0.112042], [61.0, 64.0, 0.325832, 0.066069], [76.0, 88.0, 0.307718, 0.063475], [29.0, 59.0, 0.302498, 0.668518], [56.0, 64.0, 0.294667, 0.131577], [43.0, 53.0, 0.289003, 0.081831], [88.0, 92.0, 0.28409, 0.062686], [75.0, 77.0, 0.276181, 0.059453], [22.0, 76.0, 0.266997, 0.065906], [96.0, 99.0, 0.257913, 0.336381], [36.0, 40.0, 0.25618, 0.081663], [12.0, 16.0, 0.252805, 0.804856], [36.0, 38.0, 0.235151, 0.098927], [24.0, 40.0, 0.231648, 0.071935], [7.0, 61.0, 0.227982, 0.848113], [73.0, 75.0, 0.227876, 0.12207], [51.0, 53.0, 0.227821, 0.058031], [14.0, 21.0, 0.22143, 0.080816], [92.0, 96.0, 0.19299, 0.073209], [10.0, 14.0, 0.18993, 0.073332], [19.0, 81.0, 0.189283, 0.866293], [80.0, 85.0, 0.174167, 0.647767], [43.0, 97.0, 0.171939, 0.075401], [6.0, 61.0, 0.169848, 0.135942], [39.0, 43.0, 0.167587, 0.064628], [36.0, 74.0, 0.165374, 0.07667], [25.0, 64.0, 0.162458, 0.128872], [78.0, 100.0, 0.160967, 0.081797], [25.0, 65.0, 0.160381, 0.059026], [18.0, 81.0, 0.158948, 0.852529], [100.0, 104.0, 0.157195, 0.062046], [14.0, 17.0, 0.155704, 0.06305], [21.0, 23.0, 0.153332, 0.071604], [28.0, 60.0, 0.151726, 0.282665], [7.0, 67.0, 0.148767, 0.90376]]
MATCH POSITIONS CONTACTS BETWEEN NAT AND EVOL (NO WINDOW) : 66
MATCH POSITIONS CONTACTS  : [[84.0, 87.0, 0.888334, 0.30566], [30.0, 33.0, 0.887762, 0.903747], [58.0, 73.0, 0.869908, 0.092321], [77.0, 87.0, 0.835001, 0.147735], [21.0, 52.0, 0.821692, 0.39094], [36.0, 76.0, 0.792189, 0.082932], [68.0, 79.0, 0.768276, 0.063981], [37.0, 55.0, 0.743476, 0.085769], [77.0, 84.0, 0.67932, 0.083737], [93.0, 96.0, 0.673757, 0.595932], [25.0, 68.0, 0.648373, 0.060677], [6.0, 9.0, 0.62223, 0.310299], [26.0, 55.0, 0.618635, 0.059957], [28.0, 57.0, 0.569728, 0.889088], [57.0, 60.0, 0.519602, 0.183309], [9.0, 13.0, 0.517016, 0.655071], [5.0, 9.0, 0.502559, 0.096295], [40.0, 53.0, 0.49725, 0.068496], [7.0, 64.0, 0.484828, 0.095392], [32.0, 35.0, 0.482924, 0.896166], [22.0, 40.0, 0.454452, 0.064494], [77.0, 79.0, 0.446703, 0.063814], [79.0, 84.0, 0.436692, 0.069213], [22.0, 53.0, 0.430055, 0.058465], [25.0, 77.0, 0.382743, 0.058897], [6.0, 8.0, 0.382076, 0.90283], [57.0, 59.0, 0.381376, 0.901252], [56.0, 61.0, 0.36824, 0.062639], [5.0, 13.0, 0.352347, 0.089716], [28.0, 59.0, 0.344973, 0.902872], [36.0, 39.0, 0.344671, 0.082789], [22.0, 78.0, 0.335064, 0.074423], [44.0, 53.0, 0.326652, 0.112042], [61.0, 64.0, 0.325832, 0.066069], [76.0, 88.0, 0.307718, 0.063475], [29.0, 59.0, 0.302498, 0.668518], [56.0, 64.0, 0.294667, 0.131577], [43.0, 53.0, 0.289003, 0.081831], [88.0, 92.0, 0.28409, 0.062686], [75.0, 77.0, 0.276181, 0.059453], [22.0, 76.0, 0.266997, 0.065906], [96.0, 99.0, 0.257913, 0.336381], [36.0, 40.0, 0.25618, 0.081663], [12.0, 16.0, 0.252805, 0.804856], [36.0, 38.0, 0.235151, 0.098927], [24.0, 40.0, 0.231648, 0.071935], [7.0, 61.0, 0.227982, 0.848113], [73.0, 75.0, 0.227876, 0.12207], [51.0, 53.0, 0.227821, 0.058031], [14.0, 21.0, 0.22143, 0.080816], [92.0, 96.0, 0.19299, 0.073209], [10.0, 14.0, 0.18993, 0.073332], [19.0, 81.0, 0.189283, 0.866293], [80.0, 85.0, 0.174167, 0.647767], [43.0, 97.0, 0.171939, 0.075401], [6.0, 61.0, 0.169848, 0.135942], [39.0, 43.0, 0.167587, 0.064628], [36.0, 74.0, 0.165374, 0.07667], [25.0, 64.0, 0.162458, 0.128872], [78.0, 100.0, 0.160967, 0.081797], [18.0, 81.0, 0.158948, 0.852529], [100.0, 104.0, 0.157195, 0.062046], [14.0, 17.0, 0.155704, 0.06305], [21.0, 23.0, 0.153332, 0.071604], [28.0, 60.0, 0.151726, 0.282665], [7.0, 67.0, 0.148767, 0.90376]]
************************************************************************
TOP : 5% PAR POSITIONS : 264
NATURAL CONTACTS QUANTITY : 108 - %40
EVOL CONTACTS QUANTITY : 150 - %56
MATCH POSITIONS BETWEEN NAT AND EVOL (NO WINDOW) : 78
MATCH POSITIONS  : [[84.0, 87.0, 0.888334, 0.30566], [30.0, 33.0, 0.887762, 0.903747], [58.0, 73.0, 0.869908, 0.092321], [77.0, 87.0, 0.835001, 0.147735], [21.0, 52.0, 0.821692, 0.39094], [36.0, 76.0, 0.792189, 0.082932], [68.0, 79.0, 0.768276, 0.063981], [37.0, 55.0, 0.743476, 0.085769], [77.0, 84.0, 0.67932, 0.083737], [93.0, 96.0, 0.673757, 0.595932], [25.0, 68.0, 0.648373, 0.060677], [6.0, 9.0, 0.62223, 0.310299], [26.0, 55.0, 0.618635, 0.059957], [28.0, 57.0, 0.569728, 0.889088], [57.0, 60.0, 0.519602, 0.183309], [9.0, 13.0, 0.517016, 0.655071], [5.0, 9.0, 0.502559, 0.096295], [40.0, 53.0, 0.49725, 0.068496], [7.0, 64.0, 0.484828, 0.095392], [32.0, 35.0, 0.482924, 0.896166], [49.0, 50.0, 0.454531, 0.058433], [22.0, 40.0, 0.454452, 0.064494], [77.0, 79.0, 0.446703, 0.063814], [79.0, 84.0, 0.436692, 0.069213], [22.0, 53.0, 0.430055, 0.058465], [25.0, 77.0, 0.382743, 0.058897], [6.0, 8.0, 0.382076, 0.90283], [57.0, 59.0, 0.381376, 0.901252], [56.0, 61.0, 0.36824, 0.062639], [5.0, 13.0, 0.352347, 0.089716], [28.0, 59.0, 0.344973, 0.902872], [36.0, 39.0, 0.344671, 0.082789], [22.0, 78.0, 0.335064, 0.074423], [44.0, 53.0, 0.326652, 0.112042], [61.0, 64.0, 0.325832, 0.066069], [76.0, 88.0, 0.307718, 0.063475], [29.0, 59.0, 0.302498, 0.668518], [56.0, 64.0, 0.294667, 0.131577], [43.0, 53.0, 0.289003, 0.081831], [88.0, 92.0, 0.28409, 0.062686], [75.0, 77.0, 0.276181, 0.059453], [31.0, 34.0, 0.270922, 0.056762], [22.0, 76.0, 0.266997, 0.065906], [96.0, 99.0, 0.257913, 0.336381], [36.0, 40.0, 0.25618, 0.081663], [12.0, 16.0, 0.252805, 0.804856], [36.0, 38.0, 0.235151, 0.098927], [24.0, 40.0, 0.231648, 0.071935], [7.0, 61.0, 0.227982, 0.848113], [73.0, 75.0, 0.227876, 0.12207], [51.0, 53.0, 0.227821, 0.058031], [14.0, 21.0, 0.22143, 0.080816], [29.0, 73.0, 0.205456, 0.056786], [92.0, 96.0, 0.19299, 0.073209], [10.0, 14.0, 0.18993, 0.073332], [19.0, 81.0, 0.189283, 0.866293], [80.0, 85.0, 0.174167, 0.647767], [24.0, 36.0, 0.17236, 0.057088], [43.0, 97.0, 0.171939, 0.075401], [6.0, 61.0, 0.169848, 0.135942], [39.0, 43.0, 0.167587, 0.064628], [36.0, 74.0, 0.165374, 0.07667], [25.0, 64.0, 0.162458, 0.128872], [10.0, 23.0, 0.162107, 0.056875], [78.0, 100.0, 0.160967, 0.081797], [25.0, 65.0, 0.160381, 0.059026], [23.0, 56.0, 0.160153, 0.056362], [18.0, 81.0, 0.158948, 0.852529], [100.0, 104.0, 0.157195, 0.062046], [14.0, 17.0, 0.155704, 0.06305], [89.0, 90.0, 0.15346, 0.056956], [21.0, 23.0, 0.153332, 0.071604], [28.0, 60.0, 0.151726, 0.282665], [7.0, 67.0, 0.148767, 0.90376], [58.0, 61.0, 0.144393, 0.06397], [25.0, 70.0, 0.144227, 0.057108], [10.0, 15.0, 0.129184, 0.080278], [42.0, 46.0, 0.12758, 0.11667]]
MATCH POSITIONS CONTACTS BETWEEN NAT AND EVOL (NO WINDOW) : 74
MATCH POSITIONS CONTACTS  : [[84.0, 87.0, 0.888334, 0.30566], [30.0, 33.0, 0.887762, 0.903747], [58.0, 73.0, 0.869908, 0.092321], [77.0, 87.0, 0.835001, 0.147735], [21.0, 52.0, 0.821692, 0.39094], [36.0, 76.0, 0.792189, 0.082932], [68.0, 79.0, 0.768276, 0.063981], [37.0, 55.0, 0.743476, 0.085769], [77.0, 84.0, 0.67932, 0.083737], [93.0, 96.0, 0.673757, 0.595932], [25.0, 68.0, 0.648373, 0.060677], [6.0, 9.0, 0.62223, 0.310299], [26.0, 55.0, 0.618635, 0.059957], [28.0, 57.0, 0.569728, 0.889088], [57.0, 60.0, 0.519602, 0.183309], [9.0, 13.0, 0.517016, 0.655071], [5.0, 9.0, 0.502559, 0.096295], [40.0, 53.0, 0.49725, 0.068496], [7.0, 64.0, 0.484828, 0.095392], [32.0, 35.0, 0.482924, 0.896166], [22.0, 40.0, 0.454452, 0.064494], [77.0, 79.0, 0.446703, 0.063814], [79.0, 84.0, 0.436692, 0.069213], [22.0, 53.0, 0.430055, 0.058465], [25.0, 77.0, 0.382743, 0.058897], [6.0, 8.0, 0.382076, 0.90283], [57.0, 59.0, 0.381376, 0.901252], [56.0, 61.0, 0.36824, 0.062639], [5.0, 13.0, 0.352347, 0.089716], [28.0, 59.0, 0.344973, 0.902872], [36.0, 39.0, 0.344671, 0.082789], [22.0, 78.0, 0.335064, 0.074423], [44.0, 53.0, 0.326652, 0.112042], [61.0, 64.0, 0.325832, 0.066069], [76.0, 88.0, 0.307718, 0.063475], [29.0, 59.0, 0.302498, 0.668518], [56.0, 64.0, 0.294667, 0.131577], [43.0, 53.0, 0.289003, 0.081831], [88.0, 92.0, 0.28409, 0.062686], [75.0, 77.0, 0.276181, 0.059453], [22.0, 76.0, 0.266997, 0.065906], [96.0, 99.0, 0.257913, 0.336381], [36.0, 40.0, 0.25618, 0.081663], [12.0, 16.0, 0.252805, 0.804856], [36.0, 38.0, 0.235151, 0.098927], [24.0, 40.0, 0.231648, 0.071935], [7.0, 61.0, 0.227982, 0.848113], [73.0, 75.0, 0.227876, 0.12207], [51.0, 53.0, 0.227821, 0.058031], [14.0, 21.0, 0.22143, 0.080816], [29.0, 73.0, 0.205456, 0.056786], [92.0, 96.0, 0.19299, 0.073209], [10.0, 14.0, 0.18993, 0.073332], [19.0, 81.0, 0.189283, 0.866293], [80.0, 85.0, 0.174167, 0.647767], [24.0, 36.0, 0.17236, 0.057088], [43.0, 97.0, 0.171939, 0.075401], [6.0, 61.0, 0.169848, 0.135942], [39.0, 43.0, 0.167587, 0.064628], [36.0, 74.0, 0.165374, 0.07667], [25.0, 64.0, 0.162458, 0.128872], [10.0, 23.0, 0.162107, 0.056875], [78.0, 100.0, 0.160967, 0.081797], [23.0, 56.0, 0.160153, 0.056362], [18.0, 81.0, 0.158948, 0.852529], [100.0, 104.0, 0.157195, 0.062046], [14.0, 17.0, 0.155704, 0.06305], [21.0, 23.0, 0.153332, 0.071604], [28.0, 60.0, 0.151726, 0.282665], [7.0, 67.0, 0.148767, 0.90376], [58.0, 61.0, 0.144393, 0.06397], [25.0, 70.0, 0.144227, 0.057108], [10.0, 15.0, 0.129184, 0.080278], [42.0, 46.0, 0.12758, 0.11667]]
************************************************************************
