/home/jcorvi/esmsagen_data/THIO_ECOLI_4_107_CONFORMERS/1XOB_M5/curated_sequences/PSICOV
 SPEARMAN RANK CORRELATION 0.0927752148029
TOP : 0.5% PAR POSITIONS : 26.0
NATURAL CONTACTS QUANTITY : 17 - %65.3846153846
EVOL CONTACTS QUANTITY : 15 - %57.6923076923
MATCH POSITIONS BETWEEN NAT AND EVOL (NO WINDOW) : 1
MATCH POSITIONS  : [[30.0, 33.0, 0.887762, 0.876086]]
MATCH POSITIONS CONTACTS BETWEEN NAT AND EVOL (NO WINDOW) : 1
MATCH POSITIONS CONTACTS  : [[30.0, 33.0, 0.887762, 0.876086]]
************************************************************************
TOP : 1% PAR POSITIONS : 52
NATURAL CONTACTS QUANTITY : 33 - %63
EVOL CONTACTS QUANTITY : 30 - %57
MATCH POSITIONS BETWEEN NAT AND EVOL (NO WINDOW) : 5
MATCH POSITIONS  : [[30.0, 33.0, 0.887762, 0.876086], [93.0, 96.0, 0.673757, 0.529342], [28.0, 57.0, 0.569728, 0.902647], [9.0, 13.0, 0.517016, 0.801342], [32.0, 35.0, 0.482924, 0.852113]]
MATCH POSITIONS CONTACTS BETWEEN NAT AND EVOL (NO WINDOW) : 5
MATCH POSITIONS CONTACTS  : [[30.0, 33.0, 0.887762, 0.876086], [93.0, 96.0, 0.673757, 0.529342], [28.0, 57.0, 0.569728, 0.902647], [9.0, 13.0, 0.517016, 0.801342], [32.0, 35.0, 0.482924, 0.852113]]
************************************************************************
TOP : 2% PAR POSITIONS : 105
NATURAL CONTACTS QUANTITY : 66 - %62
EVOL CONTACTS QUANTITY : 72 - %68
MATCH POSITIONS BETWEEN NAT AND EVOL (NO WINDOW) : 26
MATCH POSITIONS  : [[84.0, 87.0, 0.888334, 0.170789], [30.0, 33.0, 0.887762, 0.876086], [58.0, 73.0, 0.869908, 0.088481], [77.0, 87.0, 0.835001, 0.128343], [21.0, 52.0, 0.821692, 0.206131], [77.0, 84.0, 0.67932, 0.079932], [93.0, 96.0, 0.673757, 0.529342], [6.0, 9.0, 0.62223, 0.175785], [28.0, 57.0, 0.569728, 0.902647], [9.0, 13.0, 0.517016, 0.801342], [5.0, 9.0, 0.502559, 0.098573], [7.0, 64.0, 0.484828, 0.096854], [32.0, 35.0, 0.482924, 0.852113], [94.0, 98.0, 0.392228, 0.876086], [6.0, 8.0, 0.382076, 0.901321], [57.0, 59.0, 0.381376, 0.837941], [5.0, 13.0, 0.352347, 0.090945], [28.0, 59.0, 0.344973, 0.903993], [36.0, 39.0, 0.344671, 0.08453], [29.0, 59.0, 0.302498, 0.435542], [56.0, 64.0, 0.294667, 0.078419], [7.0, 63.0, 0.294628, 0.65072], [75.0, 77.0, 0.276181, 0.088102], [31.0, 34.0, 0.270922, 0.374886], [96.0, 99.0, 0.257913, 0.215281], [12.0, 16.0, 0.252805, 0.902033]]
MATCH POSITIONS CONTACTS BETWEEN NAT AND EVOL (NO WINDOW) : 26
MATCH POSITIONS CONTACTS  : [[84.0, 87.0, 0.888334, 0.170789], [30.0, 33.0, 0.887762, 0.876086], [58.0, 73.0, 0.869908, 0.088481], [77.0, 87.0, 0.835001, 0.128343], [21.0, 52.0, 0.821692, 0.206131], [77.0, 84.0, 0.67932, 0.079932], [93.0, 96.0, 0.673757, 0.529342], [6.0, 9.0, 0.62223, 0.175785], [28.0, 57.0, 0.569728, 0.902647], [9.0, 13.0, 0.517016, 0.801342], [5.0, 9.0, 0.502559, 0.098573], [7.0, 64.0, 0.484828, 0.096854], [32.0, 35.0, 0.482924, 0.852113], [94.0, 98.0, 0.392228, 0.876086], [6.0, 8.0, 0.382076, 0.901321], [57.0, 59.0, 0.381376, 0.837941], [5.0, 13.0, 0.352347, 0.090945], [28.0, 59.0, 0.344973, 0.903993], [36.0, 39.0, 0.344671, 0.08453], [29.0, 59.0, 0.302498, 0.435542], [56.0, 64.0, 0.294667, 0.078419], [7.0, 63.0, 0.294628, 0.65072], [75.0, 77.0, 0.276181, 0.088102], [31.0, 34.0, 0.270922, 0.374886], [96.0, 99.0, 0.257913, 0.215281], [12.0, 16.0, 0.252805, 0.902033]]
************************************************************************
TOP : 3% PAR POSITIONS : 158
NATURAL CONTACTS QUANTITY : 83 - %52
EVOL CONTACTS QUANTITY : 107 - %67
MATCH POSITIONS BETWEEN NAT AND EVOL (NO WINDOW) : 41
MATCH POSITIONS  : [[84.0, 87.0, 0.888334, 0.170789], [30.0, 33.0, 0.887762, 0.876086], [58.0, 73.0, 0.869908, 0.088481], [24.0, 55.0, 0.844973, 0.064299], [77.0, 87.0, 0.835001, 0.128343], [21.0, 52.0, 0.821692, 0.206131], [36.0, 76.0, 0.792189, 0.066957], [77.0, 84.0, 0.67932, 0.079932], [93.0, 96.0, 0.673757, 0.529342], [6.0, 9.0, 0.62223, 0.175785], [28.0, 57.0, 0.569728, 0.902647], [57.0, 60.0, 0.519602, 0.074147], [9.0, 13.0, 0.517016, 0.801342], [5.0, 9.0, 0.502559, 0.098573], [7.0, 64.0, 0.484828, 0.096854], [32.0, 35.0, 0.482924, 0.852113], [22.0, 53.0, 0.430055, 0.072484], [94.0, 98.0, 0.392228, 0.876086], [6.0, 8.0, 0.382076, 0.901321], [57.0, 59.0, 0.381376, 0.837941], [56.0, 61.0, 0.36824, 0.067102], [5.0, 13.0, 0.352347, 0.090945], [28.0, 59.0, 0.344973, 0.903993], [36.0, 39.0, 0.344671, 0.08453], [61.0, 64.0, 0.325832, 0.06787], [29.0, 59.0, 0.302498, 0.435542], [56.0, 64.0, 0.294667, 0.078419], [7.0, 63.0, 0.294628, 0.65072], [43.0, 53.0, 0.289003, 0.06462], [75.0, 77.0, 0.276181, 0.088102], [31.0, 34.0, 0.270922, 0.374886], [96.0, 99.0, 0.257913, 0.215281], [12.0, 16.0, 0.252805, 0.902033], [47.0, 98.0, 0.240901, 0.348766], [36.0, 38.0, 0.235151, 0.082739], [7.0, 61.0, 0.227982, 0.803004], [73.0, 75.0, 0.227876, 0.099999], [51.0, 53.0, 0.227821, 0.06451], [39.0, 42.0, 0.224745, 0.123223], [14.0, 21.0, 0.22143, 0.07398], [10.0, 14.0, 0.18993, 0.068494]]
MATCH POSITIONS CONTACTS BETWEEN NAT AND EVOL (NO WINDOW) : 41
MATCH POSITIONS CONTACTS  : [[84.0, 87.0, 0.888334, 0.170789], [30.0, 33.0, 0.887762, 0.876086], [58.0, 73.0, 0.869908, 0.088481], [24.0, 55.0, 0.844973, 0.064299], [77.0, 87.0, 0.835001, 0.128343], [21.0, 52.0, 0.821692, 0.206131], [36.0, 76.0, 0.792189, 0.066957], [77.0, 84.0, 0.67932, 0.079932], [93.0, 96.0, 0.673757, 0.529342], [6.0, 9.0, 0.62223, 0.175785], [28.0, 57.0, 0.569728, 0.902647], [57.0, 60.0, 0.519602, 0.074147], [9.0, 13.0, 0.517016, 0.801342], [5.0, 9.0, 0.502559, 0.098573], [7.0, 64.0, 0.484828, 0.096854], [32.0, 35.0, 0.482924, 0.852113], [22.0, 53.0, 0.430055, 0.072484], [94.0, 98.0, 0.392228, 0.876086], [6.0, 8.0, 0.382076, 0.901321], [57.0, 59.0, 0.381376, 0.837941], [56.0, 61.0, 0.36824, 0.067102], [5.0, 13.0, 0.352347, 0.090945], [28.0, 59.0, 0.344973, 0.903993], [36.0, 39.0, 0.344671, 0.08453], [61.0, 64.0, 0.325832, 0.06787], [29.0, 59.0, 0.302498, 0.435542], [56.0, 64.0, 0.294667, 0.078419], [7.0, 63.0, 0.294628, 0.65072], [43.0, 53.0, 0.289003, 0.06462], [75.0, 77.0, 0.276181, 0.088102], [31.0, 34.0, 0.270922, 0.374886], [96.0, 99.0, 0.257913, 0.215281], [12.0, 16.0, 0.252805, 0.902033], [47.0, 98.0, 0.240901, 0.348766], [36.0, 38.0, 0.235151, 0.082739], [7.0, 61.0, 0.227982, 0.803004], [73.0, 75.0, 0.227876, 0.099999], [51.0, 53.0, 0.227821, 0.06451], [39.0, 42.0, 0.224745, 0.123223], [14.0, 21.0, 0.22143, 0.07398], [10.0, 14.0, 0.18993, 0.068494]]
************************************************************************
TOP : 4% PAR POSITIONS : 211
NATURAL CONTACTS QUANTITY : 102 - %48
EVOL CONTACTS QUANTITY : 129 - %61
MATCH POSITIONS BETWEEN NAT AND EVOL (NO WINDOW) : 61
MATCH POSITIONS  : [[84.0, 87.0, 0.888334, 0.170789], [30.0, 33.0, 0.887762, 0.876086], [58.0, 73.0, 0.869908, 0.088481], [24.0, 55.0, 0.844973, 0.064299], [77.0, 87.0, 0.835001, 0.128343], [21.0, 52.0, 0.821692, 0.206131], [36.0, 76.0, 0.792189, 0.066957], [77.0, 84.0, 0.67932, 0.079932], [93.0, 96.0, 0.673757, 0.529342], [26.0, 57.0, 0.63135, 0.062629], [6.0, 9.0, 0.62223, 0.175785], [28.0, 57.0, 0.569728, 0.902647], [57.0, 60.0, 0.519602, 0.074147], [9.0, 13.0, 0.517016, 0.801342], [5.0, 9.0, 0.502559, 0.098573], [40.0, 53.0, 0.49725, 0.063188], [7.0, 64.0, 0.484828, 0.096854], [32.0, 35.0, 0.482924, 0.852113], [22.0, 40.0, 0.454452, 0.058934], [79.0, 84.0, 0.436692, 0.060071], [22.0, 53.0, 0.430055, 0.072484], [94.0, 98.0, 0.392228, 0.876086], [6.0, 8.0, 0.382076, 0.901321], [57.0, 59.0, 0.381376, 0.837941], [56.0, 61.0, 0.36824, 0.067102], [5.0, 13.0, 0.352347, 0.090945], [28.0, 59.0, 0.344973, 0.903993], [36.0, 39.0, 0.344671, 0.08453], [22.0, 78.0, 0.335064, 0.058063], [61.0, 64.0, 0.325832, 0.06787], [29.0, 59.0, 0.302498, 0.435542], [56.0, 64.0, 0.294667, 0.078419], [7.0, 63.0, 0.294628, 0.65072], [43.0, 53.0, 0.289003, 0.06462], [75.0, 77.0, 0.276181, 0.088102], [31.0, 34.0, 0.270922, 0.374886], [96.0, 99.0, 0.257913, 0.215281], [36.0, 40.0, 0.25618, 0.059941], [12.0, 16.0, 0.252805, 0.902033], [47.0, 98.0, 0.240901, 0.348766], [36.0, 38.0, 0.235151, 0.082739], [7.0, 61.0, 0.227982, 0.803004], [73.0, 75.0, 0.227876, 0.099999], [51.0, 53.0, 0.227821, 0.06451], [39.0, 42.0, 0.224745, 0.123223], [14.0, 21.0, 0.22143, 0.07398], [92.0, 96.0, 0.19299, 0.060278], [10.0, 14.0, 0.18993, 0.068494], [29.0, 31.0, 0.183535, 0.058078], [80.0, 85.0, 0.174167, 0.15317], [24.0, 36.0, 0.17236, 0.058203], [43.0, 97.0, 0.171939, 0.073439], [6.0, 61.0, 0.169848, 0.135519], [36.0, 74.0, 0.165374, 0.101937], [25.0, 64.0, 0.162458, 0.08719], [10.0, 23.0, 0.162107, 0.079395], [78.0, 100.0, 0.160967, 0.06159], [18.0, 81.0, 0.158948, 0.903914], [100.0, 104.0, 0.157195, 0.059169], [14.0, 17.0, 0.155704, 0.061759], [7.0, 67.0, 0.148767, 0.272418]]
MATCH POSITIONS CONTACTS BETWEEN NAT AND EVOL (NO WINDOW) : 60
MATCH POSITIONS CONTACTS  : [[84.0, 87.0, 0.888334, 0.170789], [30.0, 33.0, 0.887762, 0.876086], [58.0, 73.0, 0.869908, 0.088481], [24.0, 55.0, 0.844973, 0.064299], [77.0, 87.0, 0.835001, 0.128343], [21.0, 52.0, 0.821692, 0.206131], [36.0, 76.0, 0.792189, 0.066957], [77.0, 84.0, 0.67932, 0.079932], [93.0, 96.0, 0.673757, 0.529342], [26.0, 57.0, 0.63135, 0.062629], [6.0, 9.0, 0.62223, 0.175785], [28.0, 57.0, 0.569728, 0.902647], [57.0, 60.0, 0.519602, 0.074147], [9.0, 13.0, 0.517016, 0.801342], [5.0, 9.0, 0.502559, 0.098573], [40.0, 53.0, 0.49725, 0.063188], [7.0, 64.0, 0.484828, 0.096854], [32.0, 35.0, 0.482924, 0.852113], [22.0, 40.0, 0.454452, 0.058934], [79.0, 84.0, 0.436692, 0.060071], [22.0, 53.0, 0.430055, 0.072484], [94.0, 98.0, 0.392228, 0.876086], [6.0, 8.0, 0.382076, 0.901321], [57.0, 59.0, 0.381376, 0.837941], [56.0, 61.0, 0.36824, 0.067102], [5.0, 13.0, 0.352347, 0.090945], [28.0, 59.0, 0.344973, 0.903993], [36.0, 39.0, 0.344671, 0.08453], [22.0, 78.0, 0.335064, 0.058063], [61.0, 64.0, 0.325832, 0.06787], [29.0, 59.0, 0.302498, 0.435542], [56.0, 64.0, 0.294667, 0.078419], [7.0, 63.0, 0.294628, 0.65072], [43.0, 53.0, 0.289003, 0.06462], [75.0, 77.0, 0.276181, 0.088102], [31.0, 34.0, 0.270922, 0.374886], [96.0, 99.0, 0.257913, 0.215281], [36.0, 40.0, 0.25618, 0.059941], [12.0, 16.0, 0.252805, 0.902033], [47.0, 98.0, 0.240901, 0.348766], [36.0, 38.0, 0.235151, 0.082739], [7.0, 61.0, 0.227982, 0.803004], [73.0, 75.0, 0.227876, 0.099999], [51.0, 53.0, 0.227821, 0.06451], [39.0, 42.0, 0.224745, 0.123223], [14.0, 21.0, 0.22143, 0.07398], [92.0, 96.0, 0.19299, 0.060278], [10.0, 14.0, 0.18993, 0.068494], [80.0, 85.0, 0.174167, 0.15317], [24.0, 36.0, 0.17236, 0.058203], [43.0, 97.0, 0.171939, 0.073439], [6.0, 61.0, 0.169848, 0.135519], [36.0, 74.0, 0.165374, 0.101937], [25.0, 64.0, 0.162458, 0.08719], [10.0, 23.0, 0.162107, 0.079395], [78.0, 100.0, 0.160967, 0.06159], [18.0, 81.0, 0.158948, 0.903914], [100.0, 104.0, 0.157195, 0.059169], [14.0, 17.0, 0.155704, 0.061759], [7.0, 67.0, 0.148767, 0.272418]]
************************************************************************
TOP : 5% PAR POSITIONS : 264
NATURAL CONTACTS QUANTITY : 113 - %42
EVOL CONTACTS QUANTITY : 141 - %53
MATCH POSITIONS BETWEEN NAT AND EVOL (NO WINDOW) : 71
MATCH POSITIONS  : [[84.0, 87.0, 0.888334, 0.170789], [30.0, 33.0, 0.887762, 0.876086], [58.0, 73.0, 0.869908, 0.088481], [24.0, 55.0, 0.844973, 0.064299], [77.0, 87.0, 0.835001, 0.128343], [21.0, 52.0, 0.821692, 0.206131], [36.0, 76.0, 0.792189, 0.066957], [77.0, 84.0, 0.67932, 0.079932], [93.0, 96.0, 0.673757, 0.529342], [26.0, 57.0, 0.63135, 0.062629], [6.0, 9.0, 0.62223, 0.175785], [28.0, 57.0, 0.569728, 0.902647], [57.0, 60.0, 0.519602, 0.074147], [9.0, 13.0, 0.517016, 0.801342], [48.0, 49.0, 0.50523, 0.057492], [5.0, 9.0, 0.502559, 0.098573], [40.0, 53.0, 0.49725, 0.063188], [7.0, 64.0, 0.484828, 0.096854], [32.0, 35.0, 0.482924, 0.852113], [22.0, 40.0, 0.454452, 0.058934], [77.0, 79.0, 0.446703, 0.056114], [79.0, 84.0, 0.436692, 0.060071], [22.0, 53.0, 0.430055, 0.072484], [94.0, 98.0, 0.392228, 0.876086], [6.0, 8.0, 0.382076, 0.901321], [57.0, 59.0, 0.381376, 0.837941], [56.0, 61.0, 0.36824, 0.067102], [5.0, 13.0, 0.352347, 0.090945], [28.0, 59.0, 0.344973, 0.903993], [36.0, 39.0, 0.344671, 0.08453], [22.0, 78.0, 0.335064, 0.058063], [61.0, 64.0, 0.325832, 0.06787], [24.0, 26.0, 0.315097, 0.057758], [29.0, 59.0, 0.302498, 0.435542], [56.0, 64.0, 0.294667, 0.078419], [7.0, 63.0, 0.294628, 0.65072], [43.0, 53.0, 0.289003, 0.06462], [75.0, 77.0, 0.276181, 0.088102], [31.0, 34.0, 0.270922, 0.374886], [96.0, 99.0, 0.257913, 0.215281], [36.0, 40.0, 0.25618, 0.059941], [12.0, 16.0, 0.252805, 0.902033], [47.0, 98.0, 0.240901, 0.348766], [36.0, 38.0, 0.235151, 0.082739], [7.0, 61.0, 0.227982, 0.803004], [73.0, 75.0, 0.227876, 0.099999], [51.0, 53.0, 0.227821, 0.06451], [39.0, 42.0, 0.224745, 0.123223], [14.0, 21.0, 0.22143, 0.07398], [92.0, 96.0, 0.19299, 0.060278], [10.0, 14.0, 0.18993, 0.068494], [29.0, 31.0, 0.183535, 0.058078], [80.0, 85.0, 0.174167, 0.15317], [24.0, 36.0, 0.17236, 0.058203], [43.0, 97.0, 0.171939, 0.073439], [6.0, 61.0, 0.169848, 0.135519], [25.0, 79.0, 0.169278, 0.056023], [39.0, 43.0, 0.167587, 0.056807], [36.0, 74.0, 0.165374, 0.101937], [25.0, 64.0, 0.162458, 0.08719], [10.0, 23.0, 0.162107, 0.079395], [78.0, 100.0, 0.160967, 0.06159], [18.0, 81.0, 0.158948, 0.903914], [100.0, 104.0, 0.157195, 0.059169], [14.0, 17.0, 0.155704, 0.061759], [21.0, 23.0, 0.153332, 0.057559], [7.0, 67.0, 0.148767, 0.272418], [58.0, 61.0, 0.144393, 0.057211], [10.0, 15.0, 0.129184, 0.075118], [42.0, 46.0, 0.12758, 0.470841], [29.0, 34.0, 0.125572, 0.065035]]
MATCH POSITIONS CONTACTS BETWEEN NAT AND EVOL (NO WINDOW) : 69
MATCH POSITIONS CONTACTS  : [[84.0, 87.0, 0.888334, 0.170789], [30.0, 33.0, 0.887762, 0.876086], [58.0, 73.0, 0.869908, 0.088481], [24.0, 55.0, 0.844973, 0.064299], [77.0, 87.0, 0.835001, 0.128343], [21.0, 52.0, 0.821692, 0.206131], [36.0, 76.0, 0.792189, 0.066957], [77.0, 84.0, 0.67932, 0.079932], [93.0, 96.0, 0.673757, 0.529342], [26.0, 57.0, 0.63135, 0.062629], [6.0, 9.0, 0.62223, 0.175785], [28.0, 57.0, 0.569728, 0.902647], [57.0, 60.0, 0.519602, 0.074147], [9.0, 13.0, 0.517016, 0.801342], [5.0, 9.0, 0.502559, 0.098573], [40.0, 53.0, 0.49725, 0.063188], [7.0, 64.0, 0.484828, 0.096854], [32.0, 35.0, 0.482924, 0.852113], [22.0, 40.0, 0.454452, 0.058934], [77.0, 79.0, 0.446703, 0.056114], [79.0, 84.0, 0.436692, 0.060071], [22.0, 53.0, 0.430055, 0.072484], [94.0, 98.0, 0.392228, 0.876086], [6.0, 8.0, 0.382076, 0.901321], [57.0, 59.0, 0.381376, 0.837941], [56.0, 61.0, 0.36824, 0.067102], [5.0, 13.0, 0.352347, 0.090945], [28.0, 59.0, 0.344973, 0.903993], [36.0, 39.0, 0.344671, 0.08453], [22.0, 78.0, 0.335064, 0.058063], [61.0, 64.0, 0.325832, 0.06787], [24.0, 26.0, 0.315097, 0.057758], [29.0, 59.0, 0.302498, 0.435542], [56.0, 64.0, 0.294667, 0.078419], [7.0, 63.0, 0.294628, 0.65072], [43.0, 53.0, 0.289003, 0.06462], [75.0, 77.0, 0.276181, 0.088102], [31.0, 34.0, 0.270922, 0.374886], [96.0, 99.0, 0.257913, 0.215281], [36.0, 40.0, 0.25618, 0.059941], [12.0, 16.0, 0.252805, 0.902033], [47.0, 98.0, 0.240901, 0.348766], [36.0, 38.0, 0.235151, 0.082739], [7.0, 61.0, 0.227982, 0.803004], [73.0, 75.0, 0.227876, 0.099999], [51.0, 53.0, 0.227821, 0.06451], [39.0, 42.0, 0.224745, 0.123223], [14.0, 21.0, 0.22143, 0.07398], [92.0, 96.0, 0.19299, 0.060278], [10.0, 14.0, 0.18993, 0.068494], [80.0, 85.0, 0.174167, 0.15317], [24.0, 36.0, 0.17236, 0.058203], [43.0, 97.0, 0.171939, 0.073439], [6.0, 61.0, 0.169848, 0.135519], [25.0, 79.0, 0.169278, 0.056023], [39.0, 43.0, 0.167587, 0.056807], [36.0, 74.0, 0.165374, 0.101937], [25.0, 64.0, 0.162458, 0.08719], [10.0, 23.0, 0.162107, 0.079395], [78.0, 100.0, 0.160967, 0.06159], [18.0, 81.0, 0.158948, 0.903914], [100.0, 104.0, 0.157195, 0.059169], [14.0, 17.0, 0.155704, 0.061759], [21.0, 23.0, 0.153332, 0.057559], [7.0, 67.0, 0.148767, 0.272418], [58.0, 61.0, 0.144393, 0.057211], [10.0, 15.0, 0.129184, 0.075118], [42.0, 46.0, 0.12758, 0.470841], [29.0, 34.0, 0.125572, 0.065035]]
************************************************************************
